1.451573560170800192e-01 -5.630000000000023874e-01 0.000000000000000000e+00
1.507684808057092596e-01 -5.679999999999996163e-01 0.000000000000000000e+00
1.648979429410246667e-01 -5.889999999999986358e-01 0.000000000000000000e+00
1.689029850240331143e-01 -5.909999999999993037e-01 0.000000000000000000e+00
1.729283564764045877e-01 -5.969999999999995310e-01 0.000000000000000000e+00
1.769943895069445716e-01 -5.969999999999995310e-01 0.000000000000000000e+00
1.807961293707194272e-01 -6.009999999999990905e-01 0.000000000000000000e+00
1.848215017689653905e-01 -6.029999999999997584e-01 0.000000000000000000e+00
1.886232416309212567e-01 -6.109999999999988773e-01 0.000000000000000000e+00
1.924453118117526174e-01 -6.069999999999993179e-01 0.000000000000000000e+00
1.962267223043454578e-01 -6.200000000000009948e-01 0.000000000000000000e+00
2.000284621663013240e-01 -6.209999999999986642e-01 0.000000000000000000e+00
2.038302029759506695e-01 -6.220000000000016627e-01 0.000000000000000000e+00
2.076319428379065357e-01 -6.300000000000007816e-01 0.000000000000000000e+00
2.113930230134428712e-01 -6.250000000000000000e-01 0.000000000000000000e+00
2.151541031907981960e-01 -6.140000000000007674e-01 0.000000000000000000e+00
2.188948530492780264e-01 -6.289999999999995595e-01 0.000000000000000000e+00
2.226356019618833670e-01 -6.239999999999987779e-01 0.000000000000000000e+00
2.254411648300447268e-01 -6.180000000000003268e-01 0.000000000000000000e+00
2.300764419942424865e-01 -6.199999999999992184e-01 0.000000000000000000e+00
2.337968615374848014e-01 -6.179999999999985505e-01 0.000000000000000000e+00
2.374969507636706112e-01 -6.250000000000000000e-01 0.000000000000000000e+00
2.408920880807272624e-01 -5.999999999999996447e-01 0.000000000000000000e+00
2.443482153994409600e-01 -6.100000000000012079e-01 0.000000000000000000e+00
2.478653336693241727e-01 -6.249999999999982236e-01 0.000000000000000000e+00
2.515654228955099825e-01 -6.210000000000004405e-01 0.000000000000000000e+00
2.552858424387522973e-01 -6.180000000000003268e-01 0.000000000000000000e+00
2.589656013478816021e-01 -6.089999999999999858e-01 0.000000000000000000e+00
2.626656915199419018e-01 -6.150000000000002132e-01 0.000000000000000000e+00
2.662844594797206810e-01 -6.080000000000005400e-01 0.000000000000000000e+00
2.699642193365434650e-01 -6.099999999999994316e-01 0.000000000000000000e+00
2.736643085627292749e-01 -5.999999999999978684e-01 0.000000000000000000e+00
2.773643977889150847e-01 -5.949999999999988631e-01 0.000000000000000000e+00
2.808611857417417923e-01 -5.930000000000017479e-01 0.000000000000000000e+00
2.845002849644515663e-01 -5.830000000000019611e-01 0.000000000000000000e+00
2.881800438735808711e-01 -5.910000000000010800e-01 0.000000000000000000e+00
2.918801340474601602e-01 -5.810000000000012932e-01 0.000000000000000000e+00
3.244083926238090498e-01 -5.489999999999994884e-01 0.000000000000000000e+00
3.317882417068176437e-01 -5.329999999999976978e-01 0.000000000000000000e+00
3.354680006159469485e-01 -5.270000000000010232e-01 0.000000000000000000e+00
3.391884201573702740e-01 -5.040000000000013358e-01 0.000000000000000000e+00
3.426648777949594660e-01 -5.090000000000021174e-01 0.000000000000000000e+00
3.463243073347257450e-01 -5.049999999999990052e-01 0.000000000000000000e+00
3.500040662438550498e-01 -4.940000000000015490e-01 0.000000000000000000e+00
3.536634957836213289e-01 -4.820000000000010942e-01 0.000000000000000000e+00
3.573839153268636437e-01 -4.880000000000013216e-01 0.000000000000000000e+00
3.611246651853434741e-01 -4.729999999999989768e-01 0.000000000000000000e+00
3.647231037757592276e-01 -4.469999999999991758e-01 0.000000000000000000e+00
3.679149388717632974e-01 -4.669999999999987494e-01 0.000000000000000000e+00
3.720826215940178372e-01 -4.530000000000011795e-01 0.000000000000000000e+00
3.757420511337841162e-01 -4.249999999999989342e-01 0.000000000000000000e+00
3.794218100429134211e-01 -4.210000000000011511e-01 0.000000000000000000e+00
3.831015698997362051e-01 -4.000000000000003553e-01 0.000000000000000000e+00
3.867813288088655099e-01 -4.019999999999992468e-01 0.000000000000000000e+00
3.904610886656882940e-01 -3.850000000000015632e-01 0.000000000000000000e+00
3.941611778900551144e-01 -3.990000000000009095e-01 0.000000000000000000e+00
3.978409368010034086e-01 -3.749999999999982236e-01 0.000000000000000000e+00
4.015206966560072033e-01 -3.639999999999989910e-01 0.000000000000000000e+00
4.052411161992495181e-01 -3.579999999999987637e-01 0.000000000000000000e+00
4.089005447913223179e-01 -3.469999999999977547e-01 0.000000000000000000e+00
4.125803046481451020e-01 -3.279999999999994031e-01 0.000000000000000000e+00
4.162803938743309118e-01 -3.180000000000013927e-01 0.000000000000000000e+00
4.198991627799841808e-01 -3.180000000000013927e-01 0.000000000000000000e+00
4.236195823232264956e-01 -2.989999999999994884e-01 0.000000000000000000e+00
4.275026434534083819e-01 -2.869999999999990337e-01 0.000000000000000000e+00
4.312027326795941917e-01 -2.729999999999996874e-01 0.000000000000000000e+00
4.349028219039610121e-01 -2.730000000000014637e-01 0.000000000000000000e+00
4.386029111301468220e-01 -2.569999999999978968e-01 0.000000000000000000e+00
4.423233306733891368e-01 -2.569999999999996732e-01 0.000000000000000000e+00
4.459624298960989108e-01 -2.499999999999982236e-01 0.000000000000000000e+00
4.496421897529216949e-01 -2.100000000000008527e-01 0.000000000000000000e+00
4.533219486620509997e-01 -2.200000000000006395e-01 0.000000000000000000e+00
4.569813782018172788e-01 -2.150000000000016342e-01 0.000000000000000000e+00
4.606408067938900786e-01 -2.080000000000001847e-01 0.000000000000000000e+00
4.643205666507128626e-01 -2.059999999999995168e-01 0.000000000000000000e+00
5.586525172802794259e-01 -3.700000000000009948e-01 0.000000000000000000e+00
5.629015212689409964e-01 -3.790000000000013358e-01 0.000000000000000000e+00
5.665812801780703012e-01 -3.810000000000002274e-01 0.000000000000000000e+00
5.702813694042561110e-01 -3.940000000000001279e-01 0.000000000000000000e+00
5.740017889474984258e-01 -4.090000000000006963e-01 0.000000000000000000e+00
5.777018791195587255e-01 -4.100000000000019185e-01 0.000000000000000000e+00
5.814019683457445353e-01 -4.219999999999988205e-01 0.000000000000000000e+00
5.845938034435675945e-01 -4.280000000000008242e-01 0.000000000000000000e+00
5.888428074304101756e-01 -4.230000000000018190e-01 0.000000000000000000e+00
5.925225663413584698e-01 -4.379999999999988347e-01 0.000000000000000000e+00
5.956737417509430088e-01 -4.550000000000000711e-01 0.000000000000000000e+00
5.999024154225480743e-01 -4.459999999999997300e-01 0.000000000000000000e+00
6.039074575055565219e-01 -4.649999999999998579e-01 0.000000000000000000e+00
6.074449051448027603e-01 -4.630000000000009663e-01 0.000000000000000000e+00
6.111043346845690394e-01 -4.839999999999982094e-01 0.000000000000000000e+00
6.185655040862911846e-01 -4.870000000000000995e-01 0.000000000000000000e+00
6.222859236295334995e-01 -4.890000000000025437e-01 0.000000000000000000e+00
6.261689847578963963e-01 -5.039999999999995595e-01 0.000000000000000000e+00
6.300927055744978134e-01 -5.009999999999994458e-01 0.000000000000000000e+00
6.334675125744979596e-01 -5.150000000000005684e-01 0.000000000000000000e+00
6.378791581482801121e-01 -5.129999999999999005e-01 0.000000000000000000e+00
6.417825486478250241e-01 -5.199999999999977973e-01 0.000000000000000000e+00
6.456249491438939003e-01 -5.250000000000003553e-01 0.000000000000000000e+00
6.495080102722567972e-01 -5.340000000000006963e-01 0.000000000000000000e+00
6.534114017194951884e-01 -5.380000000000002558e-01 0.000000000000000000e+00
6.573757831683906261e-01 -5.470000000000005969e-01 0.000000000000000000e+00
6.611978533474029973e-01 -5.469999999999988205e-01 0.000000000000000000e+00
6.650605841587093892e-01 -5.449999999999981526e-01 0.000000000000000000e+00
6.689639756059477804e-01 -5.510000000000019327e-01 0.000000000000000000e+00
6.728673661036737030e-01 -5.609999999999981668e-01 0.000000000000000000e+00
6.767707575490931049e-01 -5.619999999999993889e-01 0.000000000000000000e+00
6.806538186792749912e-01 -5.760000000000005116e-01 0.000000000000000000e+00
6.845978698111139238e-01 -5.760000000000005116e-01 0.000000000000000000e+00
6.884606006242393050e-01 -5.879999999999991900e-01 0.000000000000000000e+00
6.924249820731347427e-01 -5.830000000000019611e-01 0.000000000000000000e+00
6.963487028879171703e-01 -5.800000000000000711e-01 0.000000000000000000e+00
7.002520943333365722e-01 -5.799999999999982947e-01 0.000000000000000000e+00
7.041351554635184584e-01 -5.839999999999996305e-01 0.000000000000000000e+00
7.079978862748248503e-01 -5.840000000000014069e-01 0.000000000000000000e+00
7.119012767743697623e-01 -5.960000000000000853e-01 0.000000000000000000e+00
7.158249985368456692e-01 -6.099999999999994316e-01 0.000000000000000000e+00
7.200130115761567140e-01 -6.110000000000006537e-01 0.000000000000000000e+00
7.238757423874631058e-01 -6.140000000000007674e-01 0.000000000000000000e+00
7.278401238363585435e-01 -5.980000000000007532e-01 0.000000000000000000e+00
7.322314390949031804e-01 -6.160000000000014353e-01 0.000000000000000000e+00
7.361348295944480924e-01 -6.180000000000003268e-01 0.000000000000000000e+00
7.400585513569239993e-01 -6.139999999999989910e-01 0.000000000000000000e+00
7.439212821682303911e-01 -6.170000000000008811e-01 0.000000000000000000e+00
7.483329267961380538e-01 -6.090000000000017621e-01 0.000000000000000000e+00
7.525209398354490986e-01 -6.110000000000006537e-01 0.000000000000000000e+00
7.564649919149815105e-01 -6.100000000000012079e-01 0.000000000000000000e+00
7.603480530433444073e-01 -5.920000000000005258e-01 0.000000000000000000e+00
7.642514435428893194e-01 -6.039999999999992042e-01 0.000000000000000000e+00
7.682158249917847570e-01 -6.189999999999997726e-01 0.000000000000000000e+00
7.720785558030911488e-01 -5.990000000000001990e-01 0.000000000000000000e+00
7.759819472503295401e-01 -6.040000000000009805e-01 0.000000000000000000e+00
7.798853377480554627e-01 -5.939999999999994174e-01 0.000000000000000000e+00
7.837683988782373490e-01 -6.020000000000003126e-01 0.000000000000000000e+00
7.876717903236567508e-01 -6.030000000000015348e-01 0.000000000000000000e+00
7.915955111384391785e-01 -5.929999999999999716e-01 0.000000000000000000e+00
7.954989025856775697e-01 -5.850000000000008527e-01 0.000000000000000000e+00
7.994022930834034923e-01 -6.139999999999989910e-01 0.000000000000000000e+00
8.033056845306418836e-01 -5.969999999999995310e-01 0.000000000000000000e+00
8.074327075646579033e-01 -5.849999999999990763e-01 0.000000000000000000e+00
8.113360980642028153e-01 -5.899999999999998579e-01 0.000000000000000000e+00
8.152598198266787222e-01 -5.929999999999999716e-01 0.000000000000000000e+00
8.191428809550416190e-01 -5.840000000000014069e-01 0.000000000000000000e+00
8.230666017716430360e-01 -5.639999999999982805e-01 0.000000000000000000e+00
8.269903235341189429e-01 -5.590000000000010516e-01 0.000000000000000000e+00
8.308327240301878192e-01 -5.509999999999983800e-01 0.000000000000000000e+00
8.347564448449702468e-01 -5.389999999999997016e-01 0.000000000000000000e+00
8.386395059733331436e-01 -5.470000000000005969e-01 0.000000000000000000e+00
8.425428964728780556e-01 -5.500000000000007105e-01 0.000000000000000000e+00
8.464462879182974575e-01 -5.320000000000018048e-01 0.000000000000000000e+00
8.505326503218384460e-01 -4.999999999999982236e-01 0.000000000000000000e+00
8.546393430387979606e-01 -4.960000000000004405e-01 0.000000000000000000e+00
8.585427344860363519e-01 -5.230000000000014637e-01 0.000000000000000000e+00
8.624461249837622745e-01 -4.840000000000017621e-01 0.000000000000000000e+00
8.663698467462381814e-01 -4.810000000000016485e-01 0.000000000000000000e+00
8.702732372457830934e-01 -4.870000000000000995e-01 0.000000000000000000e+00
8.742172893253155053e-01 -4.629999999999991900e-01 0.000000000000000000e+00
8.781003495078039123e-01 -4.700000000000006395e-01 0.000000000000000000e+00
8.820037409532233141e-01 -4.550000000000000711e-01 0.000000000000000000e+00
8.858664717645297060e-01 -4.619999999999997442e-01 0.000000000000000000e+00
8.897698632117680972e-01 -4.509999999999987352e-01 0.000000000000000000e+00
8.936529233942565043e-01 -4.440000000000008384e-01 0.000000000000000000e+00
8.975359845226194011e-01 -4.399999999999995026e-01 0.000000000000000000e+00
9.014597062850953080e-01 -4.220000000000005969e-01 0.000000000000000000e+00
9.057290396431199042e-01 -3.940000000000019043e-01 0.000000000000000000e+00
9.086362531470513204e-01 -3.900000000000005684e-01 0.000000000000000000e+00
9.348824921671621269e-01 -3.190000000000008384e-01 0.000000000000000000e+00
9.387858826648880495e-01 -3.109999999999999432e-01 0.000000000000000000e+00
9.427096044273639563e-01 -2.860000000000013642e-01 0.000000000000000000e+00
9.465316746063763276e-01 -2.769999999999992468e-01 0.000000000000000000e+00
9.504147357365582138e-01 -2.620000000000004547e-01 0.000000000000000000e+00
9.543181262361031258e-01 -2.370000000000018758e-01 0.000000000000000000e+00
9.581808570474095177e-01 -2.309999999999998721e-01 0.000000000000000000e+00
9.620639181775914039e-01 -2.199999999999988631e-01 0.000000000000000000e+00
9.659673096230108058e-01 -2.220000000000013074e-01 0.000000000000000000e+00
9.698097101190796820e-01 -2.170000000000005258e-01 0.000000000000000000e+00
9.736927712474425789e-01 -2.059999999999995168e-01 0.000000000000000000e+00
9.777791336491645779e-01 -2.019999999999981810e-01 0.000000000000000000e+00
9.818654960508865770e-01 -2.089999999999996305e-01 0.000000000000000000e+00
9.858095471845444990e-01 -1.920000000000001705e-01 0.000000000000000000e+00
9.897332689470204059e-01 -2.149999999999998579e-01 0.000000000000000000e+00
9.935959988124523079e-01 -2.170000000000023022e-01 0.000000000000000000e+00
9.974993902578717098e-01 -2.249999999999978684e-01 0.000000000000000000e+00
1.878913553864549613e-01 -6.229999999999993321e-01 0.000000000000000000e+00
1.946816300205682637e-01 -6.259999999999994458e-01 0.000000000000000000e+00
1.988899733751168242e-01 -6.219999999999981100e-01 0.000000000000000000e+00
2.028340245069557568e-01 -6.290000000000013358e-01 0.000000000000000000e+00
2.067374159523751587e-01 -6.239999999999987779e-01 0.000000000000000000e+00
2.106814670860330807e-01 -6.229999999999993321e-01 0.000000000000000000e+00
2.146661788501660340e-01 -6.240000000000005542e-01 0.000000000000000000e+00
2.186102299838239560e-01 -6.250000000000000000e-01 0.000000000000000000e+00
2.224932911121868528e-01 -6.150000000000002132e-01 0.000000000000000000e+00
2.264576725610822905e-01 -6.179999999999985505e-01 0.000000000000000000e+00
2.303407336894451873e-01 -6.229999999999993321e-01 0.000000000000000000e+00
2.342644554519210942e-01 -6.190000000000015490e-01 0.000000000000000000e+00
2.381475156344095012e-01 -6.330000000000008953e-01 0.000000000000000000e+00
2.420509070816478925e-01 -6.200000000000009948e-01 0.000000000000000000e+00
2.459542975793738151e-01 -6.180000000000003268e-01 0.000000000000000000e+00
2.498780193418497220e-01 -6.219999999999998863e-01 0.000000000000000000e+00
2.532731566589063732e-01 -6.249999999999982236e-01 0.000000000000000000e+00
2.577051316038705409e-01 -6.190000000000015490e-01 0.000000000000000000e+00
2.616288524186529685e-01 -6.159999999999996589e-01 0.000000000000000000e+00
2.652882819584192475e-01 -6.089999999999999858e-01 0.000000000000000000e+00
2.690087015016615624e-01 -6.010000000000026432e-01 0.000000000000000000e+00
2.729324223164439900e-01 -6.019999999999985363e-01 0.000000000000000000e+00
2.769171340823959326e-01 -5.969999999999995310e-01 0.000000000000000000e+00
2.808205255278153345e-01 -5.910000000000010800e-01 0.000000000000000000e+00
2.845206147540011443e-01 -5.889999999999986358e-01 0.000000000000000000e+00
2.884240062012395356e-01 -5.849999999999990763e-01 0.000000000000000000e+00
2.923477270160219632e-01 -5.830000000000019611e-01 0.000000000000000000e+00
2.955192327426630072e-01 -5.719999999999991758e-01 0.000000000000000000e+00
2.997275760990305571e-01 -5.720000000000009521e-01 0.000000000000000000e+00
3.034886562745668925e-01 -5.690000000000008384e-01 0.000000000000000000e+00
3.071887455007527024e-01 -5.520000000000013785e-01 0.000000000000000000e+00
3.109294953592325328e-01 -5.609999999999999432e-01 0.000000000000000000e+00
3.148938768081279704e-01 -5.500000000000007105e-01 0.000000000000000000e+00
3.182483534928906010e-01 -5.510000000000001563e-01 0.000000000000000000e+00
3.348987559566012351e-01 -5.190000000000001279e-01 0.000000000000000000e+00
3.388834677225531777e-01 -5.119999999999986784e-01 0.000000000000000000e+00
3.425835569487389876e-01 -5.099999999999997868e-01 0.000000000000000000e+00
3.468325609355815686e-01 -4.979999999999993321e-01 0.000000000000000000e+00
3.507359523828199599e-01 -4.880000000000013216e-01 0.000000000000000000e+00
3.549442957373685203e-01 -4.829999999999987637e-01 0.000000000000000000e+00
3.586240546464978252e-01 -4.679999999999981952e-01 0.000000000000000000e+00
3.625071157766797114e-01 -4.580000000000019611e-01 0.000000000000000000e+00
3.662275353181030368e-01 -4.740000000000001990e-01 0.000000000000000000e+00
3.701512570805789437e-01 -4.470000000000009521e-01 0.000000000000000000e+00
3.738513463067647535e-01 -4.489999999999998437e-01 0.000000000000000000e+00
3.777953974386036862e-01 -4.349999999999987210e-01 0.000000000000000000e+00
3.815158169818460010e-01 -4.299999999999997158e-01 0.000000000000000000e+00
3.856835006499750307e-01 -4.250000000000007105e-01 0.000000000000000000e+00
3.895259011460439069e-01 -4.160000000000003695e-01 0.000000000000000000e+00
3.932463206892862218e-01 -4.150000000000009237e-01 0.000000000000000000e+00
3.971700415040686494e-01 -4.000000000000003553e-01 0.000000000000000000e+00
4.010734329513070406e-01 -3.940000000000019043e-01 0.000000000000000000e+00
4.049564940796699375e-01 -3.840000000000003411e-01 0.000000000000000000e+00
4.086565833058557473e-01 -3.629999999999995453e-01 0.000000000000000000e+00
4.125599738054006593e-01 -3.460000000000000853e-01 0.000000000000000000e+00
4.164023752473440254e-01 -3.419999999999987494e-01 0.000000000000000000e+00
4.202651051127759274e-01 -3.300000000000000711e-01 0.000000000000000000e+00
4.241481662429578137e-01 -3.229999999999986215e-01 0.000000000000000000e+00
4.278482554691436235e-01 -3.120000000000011653e-01 0.000000000000000000e+00
4.315686759582604282e-01 -2.929999999999992610e-01 0.000000000000000000e+00
4.352890955015027430e-01 -2.780000000000004690e-01 0.000000000000000000e+00
4.391111656805151142e-01 -2.850000000000001421e-01 0.000000000000000000e+00
4.430552168123540469e-01 -2.610000000000010090e-01 0.000000000000000000e+00
4.467146463521203259e-01 -2.530000000000001137e-01 0.000000000000000000e+00
4.504350658935436513e-01 -2.430000000000003268e-01 0.000000000000000000e+00
4.541351551197294611e-01 -2.469999999999998863e-01 0.000000000000000000e+00
4.580182162499113474e-01 -2.339999999999999858e-01 0.000000000000000000e+00
4.617183054760971572e-01 -2.390000000000007674e-01 0.000000000000000000e+00
4.657030172420490999e-01 -2.210000000000000853e-01 0.000000000000000000e+00
4.695860783704119967e-01 -2.109999999999985221e-01 0.000000000000000000e+00
4.735097991851944244e-01 -2.179999999999999716e-01 0.000000000000000000e+00
4.772098884113802342e-01 -2.129999999999991900e-01 0.000000000000000000e+00
4.808693179511465132e-01 -2.099999999999972999e-01 0.000000000000000000e+00
4.846507284437393537e-01 -2.070000000000007390e-01 0.000000000000000000e+00
4.883101570376311429e-01 -2.059999999999995168e-01 0.000000000000000000e+00
4.920102462638169527e-01 -2.140000000000004121e-01 0.000000000000000000e+00
4.958933073921798496e-01 -2.090000000000014069e-01 0.000000000000000000e+00
4.998373585240187822e-01 -2.119999999999979678e-01 0.000000000000000000e+00
5.034967880637850612e-01 -2.189999999999976410e-01 0.000000000000000000e+00
5.072375379240838811e-01 -2.270000000000003126e-01 0.000000000000000000e+00
5.109579574655072065e-01 -2.359999999999988773e-01 0.000000000000000000e+00
5.146580466916930163e-01 -2.439999999999997726e-01 0.000000000000000000e+00
5.183784662349353312e-01 -2.409999999999978826e-01 0.000000000000000000e+00
5.221395464104716666e-01 -2.680000000000006821e-01 0.000000000000000000e+00
5.257989759502379457e-01 -2.670000000000012363e-01 0.000000000000000000e+00
5.294990651764237555e-01 -2.780000000000022453e-01 0.000000000000000000e+00
5.332804747231421061e-01 -2.889999999999997016e-01 0.000000000000000000e+00
5.371228761650854722e-01 -2.999999999999989342e-01 0.000000000000000000e+00
5.410262666646303842e-01 -3.019999999999996021e-01 0.000000000000000000e+00
5.447263558908161940e-01 -3.290000000000006253e-01 0.000000000000000000e+00
5.487720586061186623e-01 -3.239999999999980673e-01 0.000000000000000000e+00
5.597503462777240202e-01 -3.649999999999984368e-01 0.000000000000000000e+00
5.996584539370815037e-01 -4.560000000000012932e-01 0.000000000000000000e+00
6.033788734803238185e-01 -4.649999999999998579e-01 0.000000000000000000e+00
6.070586323894531233e-01 -4.809999999999980957e-01 0.000000000000000000e+00
6.107993822479329538e-01 -4.870000000000000995e-01 0.000000000000000000e+00
6.146824433781148400e-01 -4.839999999999999858e-01 0.000000000000000000e+00
6.183825326043006498e-01 -5.000000000000017764e-01 0.000000000000000000e+00
6.221029521457239753e-01 -5.150000000000005684e-01 0.000000000000000000e+00
6.258233716889662901e-01 -4.980000000000011084e-01 0.000000000000000000e+00
6.295437912322086049e-01 -5.129999999999999005e-01 0.000000000000000000e+00
6.332642107736319304e-01 -5.169999999999994600e-01 0.000000000000000000e+00
6.370456212680437602e-01 -5.140000000000011227e-01 0.000000000000000000e+00
6.444457997185963904e-01 -5.469999999999988205e-01 0.000000000000000000e+00
6.481662192618387053e-01 -5.339999999999989200e-01 0.000000000000000000e+00
6.518866388050810201e-01 -5.409999999999985931e-01 0.000000000000000000e+00
6.556273886635608505e-01 -5.429999999999974847e-01 0.000000000000000000e+00
6.593478082068031654e-01 -5.529999999999990479e-01 0.000000000000000000e+00
6.630478983806824544e-01 -5.509999999999983800e-01 0.000000000000000000e+00
6.667886482391622849e-01 -5.649999999999995026e-01 0.000000000000000000e+00
6.704684071482915897e-01 -5.710000000000015064e-01 0.000000000000000000e+00
6.742091570085904095e-01 -5.739999999999998437e-01 0.000000000000000000e+00
6.779295765500137350e-01 -5.679999999999996163e-01 0.000000000000000000e+00
6.816093354609620292e-01 -5.779999999999994031e-01 0.000000000000000000e+00
6.853500853194418596e-01 -5.849999999999990763e-01 0.000000000000000000e+00
6.890705048626841744e-01 -5.809999999999995168e-01 0.000000000000000000e+00
6.928112547211640049e-01 -5.859999999999985221e-01 0.000000000000000000e+00
6.965113448950432939e-01 -5.990000000000019753e-01 0.000000000000000000e+00
7.002114341212291038e-01 -6.019999999999985363e-01 0.000000000000000000e+00
7.039521839797089342e-01 -6.050000000000004263e-01 0.000000000000000000e+00
7.076522732058947440e-01 -6.059999999999998721e-01 0.000000000000000000e+00
7.113523624320805538e-01 -6.050000000000004263e-01 0.000000000000000000e+00
7.150931122923793737e-01 -6.099999999999994316e-01 0.000000000000000000e+00
7.188135318338026991e-01 -6.129999999999995453e-01 0.000000000000000000e+00
7.225746120111580240e-01 -6.219999999999998863e-01 0.000000000000000000e+00
7.262340406032308238e-01 -6.220000000000016627e-01 0.000000000000000000e+00
7.299544610923476284e-01 -6.180000000000003268e-01 0.000000000000000000e+00
7.336545503185334383e-01 -6.110000000000006537e-01 0.000000000000000000e+00
7.373749698617757531e-01 -6.210000000000004405e-01 0.000000000000000000e+00
7.411563794066751143e-01 -6.099999999999994316e-01 0.000000000000000000e+00
7.448158089464413933e-01 -6.140000000000007674e-01 0.000000000000000000e+00
7.485158981726272032e-01 -6.160000000000014353e-01 0.000000000000000000e+00
7.522363177158695180e-01 -6.159999999999996589e-01 0.000000000000000000e+00
7.559567372591118328e-01 -6.110000000000006537e-01 0.000000000000000000e+00
7.596771568005351583e-01 -6.219999999999998863e-01 0.000000000000000000e+00
7.633975772914709523e-01 -6.080000000000023164e-01 0.000000000000000000e+00
7.670976665176567622e-01 -6.179999999999985505e-01 0.000000000000000000e+00
7.708384163761365926e-01 -6.109999999999988773e-01 0.000000000000000000e+00
7.745385056023224024e-01 -5.999999999999996447e-01 0.000000000000000000e+00
7.782589251455647172e-01 -6.099999999999976552e-01 0.000000000000000000e+00
7.856794339131738525e-01 -6.030000000000015348e-01 0.000000000000000000e+00
7.893998534564161673e-01 -5.879999999999991900e-01 0.000000000000000000e+00
7.930999436302954564e-01 -5.880000000000009663e-01 0.000000000000000000e+00
7.968406934887752868e-01 -5.850000000000008527e-01 0.000000000000000000e+00
8.005407827149610966e-01 -5.990000000000019753e-01 0.000000000000000000e+00
8.043018628904974321e-01 -5.869999999999997442e-01 0.000000000000000000e+00
8.079816217996267369e-01 -5.759999999999987352e-01 0.000000000000000000e+00
8.117223716599255567e-01 -5.779999999999994031e-01 0.000000000000000000e+00
8.154021305690548616e-01 -5.839999999999996305e-01 0.000000000000000000e+00
8.191225501122971764e-01 -5.620000000000011653e-01 0.000000000000000000e+00
8.228836302878335118e-01 -5.660000000000007248e-01 0.000000000000000000e+00
8.267463611009588931e-01 -5.640000000000000568e-01 0.000000000000000000e+00
8.304667806442012079e-01 -5.449999999999981526e-01 0.000000000000000000e+00
8.341668698685680283e-01 -5.329999999999994742e-01 0.000000000000000000e+00
8.371147440066124545e-01 -5.389999999999997016e-01 0.000000000000000000e+00
8.415670492686331272e-01 -5.280000000000004690e-01 0.000000000000000000e+00
8.453077991271129576e-01 -5.100000000000015632e-01 0.000000000000000000e+00
8.489875580380612519e-01 -5.170000000000012363e-01 0.000000000000000000e+00
8.603317885681462940e-01 -4.960000000000004405e-01 0.000000000000000000e+00
8.640318777943321038e-01 -4.859999999999988773e-01 0.000000000000000000e+00
8.677522973375744186e-01 -4.779999999999979821e-01 0.000000000000000000e+00
8.715133775131107541e-01 -4.670000000000005258e-01 0.000000000000000000e+00
8.751931364222400589e-01 -4.740000000000001990e-01 0.000000000000000000e+00
8.788932265961193480e-01 -4.569999999999989626e-01 0.000000000000000000e+00
8.820037413734098664e-01 -4.460000000000015064e-01 0.000000000000000000e+00
8.902171268109668745e-01 -4.329999999999998295e-01 0.000000000000000000e+00
8.939782060388097307e-01 -4.190000000000004832e-01 0.000000000000000000e+00
8.976782962126890197e-01 -4.100000000000001421e-01 0.000000000000000000e+00
9.013783854388748296e-01 -4.119999999999990337e-01 0.000000000000000000e+00
9.050988049802981550e-01 -3.900000000000023448e-01 0.000000000000000000e+00
9.123566721627867082e-01 -3.579999999999987637e-01 0.000000000000000000e+00
9.162397332929685945e-01 -3.560000000000016485e-01 0.000000000000000000e+00
9.199601528362109093e-01 -3.440000000000011937e-01 0.000000000000000000e+00
9.236805723776342347e-01 -3.309999999999995168e-01 0.000000000000000000e+00
9.311214124099933542e-01 -3.099999999999987210e-01 0.000000000000000000e+00
9.348418319532356691e-01 -3.040000000000020464e-01 0.000000000000000000e+00
9.377490445112925954e-01 -2.859999999999995879e-01 0.000000000000000000e+00
9.422623407226637937e-01 -2.819999999999982521e-01 0.000000000000000000e+00
9.460030905811436241e-01 -2.650000000000005684e-01 0.000000000000000000e+00
9.497235101243859390e-01 -2.539999999999977831e-01 0.000000000000000000e+00
9.534439296676282538e-01 -2.289999999999992042e-01 0.000000000000000000e+00
9.572050098431645893e-01 -2.280000000000015348e-01 0.000000000000000000e+00
9.608847687522938941e-01 -2.300000000000004263e-01 0.000000000000000000e+00
9.646051882955362089e-01 -2.099999999999972999e-01 0.000000000000000000e+00
9.683052775217220187e-01 -2.130000000000009663e-01 0.000000000000000000e+00
9.720460273802018492e-01 -1.910000000000025011e-01 0.000000000000000000e+00
9.757461175540811382e-01 -1.950000000000002842e-01 0.000000000000000000e+00
9.832072869558032835e-01 -1.920000000000001705e-01 0.000000000000000000e+00
9.869480368142831139e-01 -1.859999999999999432e-01 0.000000000000000000e+00
9.906684563575254288e-01 -1.650000000000027001e-01 0.000000000000000000e+00
9.944295355871872744e-01 -2.040000000000006253e-01 0.000000000000000000e+00
9.981499551304295892e-01 -1.860000000000034959e-01 0.000000000000000000e+00
1.850045302489888854e-03 -2.139999999999986358e-01 0.000000000000000000e+00
1.673172347364015877e-02 -2.530000000000001137e-01 0.000000000000000000e+00
2.047247333211998921e-02 -2.750000000000021316e-01 0.000000000000000000e+00
2.415223224306828342e-02 -2.720000000000020179e-01 0.000000000000000000e+00
3.157274195837089792e-02 -2.989999999999994884e-01 0.000000000000000000e+00
3.527283118455670774e-02 -3.189999999999990621e-01 0.000000000000000000e+00
3.903391136009304319e-02 -3.290000000000006253e-01 0.000000000000000000e+00
4.269333995216584299e-02 -3.479999999999989768e-01 0.000000000000000000e+00
4.641375949540815782e-02 -3.429999999999999716e-01 0.000000000000000000e+00
5.383426921071077231e-02 -3.859999999999992326e-01 0.000000000000000000e+00
2.753720421114849159e-01 -6.080000000000005400e-01 0.000000000000000000e+00
2.800886395962152164e-01 -6.039999999999992042e-01 0.000000000000000000e+00
2.846832561262999661e-01 -5.969999999999995310e-01 0.000000000000000000e+00
2.892982029752602102e-01 -5.819999999999989626e-01 0.000000000000000000e+00
2.936691879167483421e-01 -5.749999999999992895e-01 0.000000000000000000e+00
2.988533788957283832e-01 -5.579999999999998295e-01 0.000000000000000000e+00
3.033260144748055609e-01 -5.510000000000001563e-01 0.000000000000000000e+00
3.079003006878338056e-01 -5.600000000000004974e-01 0.000000000000000000e+00
3.123932665821484989e-01 -5.530000000000008242e-01 0.000000000000000000e+00
3.171098640668787993e-01 -5.490000000000012648e-01 0.000000000000000000e+00
3.217858018651895691e-01 -5.360000000000013642e-01 0.000000000000000000e+00
3.261974464930972317e-01 -5.469999999999988205e-01 0.000000000000000000e+00
3.308530539743514964e-01 -5.259999999999998010e-01 0.000000000000000000e+00
3.358136133647349197e-01 -5.180000000000006821e-01 0.000000000000000000e+00
3.406725221175292972e-01 -5.050000000000007816e-01 0.000000000000000000e+00
3.448605351568403421e-01 -5.169999999999994600e-01 0.000000000000000000e+00
3.489265672415058361e-01 -4.979999999999993321e-01 0.000000000000000000e+00
3.529722699568083044e-01 -4.800000000000004263e-01 0.000000000000000000e+00
3.576075471210060641e-01 -4.880000000000013216e-01 0.000000000000000000e+00
3.618565501637931447e-01 -4.800000000000004263e-01 0.000000000000000000e+00
3.662885260546318023e-01 -4.659999999999993037e-01 0.000000000000000000e+00
3.707611616318899905e-01 -4.540000000000006253e-01 0.000000000000000000e+00
3.749085140370880254e-01 -4.539999999999988489e-01 0.000000000000000000e+00
3.792388392921566265e-01 -4.240000000000012648e-01 0.000000000000000000e+00
3.833455320109351305e-01 -4.249999999999989342e-01 0.000000000000000000e+00
3.876148653689597268e-01 -4.199999999999981526e-01 0.000000000000000000e+00
3.916199074519681744e-01 -4.109999999999995879e-01 0.000000000000000000e+00
3.956452798502141377e-01 -4.119999999999990337e-01 0.000000000000000000e+00
3.996706513025856111e-01 -3.930000000000006821e-01 0.000000000000000000e+00
4.037570137043076102e-01 -3.609999999999988773e-01 0.000000000000000000e+00
4.080466783270821907e-01 -3.609999999999988773e-01 0.000000000000000000e+00
4.120517204082716489e-01 -3.639999999999989910e-01 0.000000000000000000e+00
4.160974221776996274e-01 -3.609999999999988773e-01 0.000000000000000000e+00
4.203260958493046928e-01 -3.310000000000012932e-01 0.000000000000000000e+00
4.245344392038532533e-01 -3.150000000000012790e-01 0.000000000000000000e+00
4.284988206527486909e-01 -3.090000000000010516e-01 0.000000000000000000e+00
4.327274943243537564e-01 -3.070000000000003837e-01 0.000000000000000000e+00
4.369358386265957961e-01 -2.880000000000002558e-01 0.000000000000000000e+00
4.411441819811443565e-01 -2.660000000000017906e-01 0.000000000000000000e+00
4.455761569261085242e-01 -2.570000000000014495e-01 0.000000000000000000e+00
4.498251609147700947e-01 -2.599999999999997868e-01 0.000000000000000000e+00
4.542571358597342623e-01 -2.490000000000005542e-01 0.000000000000000000e+00
4.585468004806898534e-01 -2.269999999999985363e-01 0.000000000000000000e+00
4.628771247898839647e-01 -2.329999999999987637e-01 0.000000000000000000e+00
4.671261287785455352e-01 -2.189999999999976410e-01 0.000000000000000000e+00
4.714564530859206570e-01 -2.140000000000004121e-01 0.000000000000000000e+00
4.758680977138283197e-01 -2.260000000000008669e-01 0.000000000000000000e+00
4.846913879173371242e-01 -2.100000000000008527e-01 0.000000000000000000e+00
4.889607222212362103e-01 -2.059999999999977405e-01 0.000000000000000000e+00
4.932097262098977808e-01 -2.100000000000026290e-01 0.000000000000000000e+00
4.976213708378054434e-01 -2.240000000000001990e-01 0.000000000000000000e+00
5.023786289566487540e-01 -2.159999999999993037e-01 0.000000000000000000e+00
5.066682935776043450e-01 -2.420000000000008811e-01 0.000000000000000000e+00
5.115068720151612069e-01 -2.539999999999977831e-01 0.000000000000000000e+00
5.160811582300084410e-01 -2.480000000000011084e-01 0.000000000000000000e+00
5.213669998447585385e-01 -2.660000000000000142e-01 0.000000000000000000e+00
5.265308614561945433e-01 -2.740000000000009095e-01 0.000000000000000000e+00
5.315930714823480230e-01 -2.900000000000009237e-01 0.000000000000000000e+00
5.362893386500218185e-01 -2.879999999999984794e-01 0.000000000000000000e+00
5.405790032709774096e-01 -3.010000000000001563e-01 0.000000000000000000e+00
5.451126297994051129e-01 -3.250000000000010658e-01 0.000000000000000000e+00
5.496462553801393369e-01 -3.259999999999987352e-01 0.000000000000000000e+00
5.541798819085670402e-01 -3.599999999999994316e-01 0.000000000000000000e+00
5.586728468570072437e-01 -3.520000000000003126e-01 0.000000000000000000e+00
5.632674633870919934e-01 -3.480000000000007532e-01 0.000000000000000000e+00
5.680653821382293245e-01 -3.570000000000010942e-01 0.000000000000000000e+00
5.725583480325440178e-01 -3.970000000000020179e-01 0.000000000000000000e+00
5.770919736132782418e-01 -4.110000000000013642e-01 0.000000000000000000e+00
5.815442788752989145e-01 -4.090000000000006963e-01 0.000000000000000000e+00
5.861388963530771434e-01 -4.120000000000008100e-01 0.000000000000000000e+00
5.905098803468717961e-01 -4.270000000000013785e-01 0.000000000000000000e+00
5.947182246491138358e-01 -4.339999999999974989e-01 0.000000000000000000e+00
5.989468983207189012e-01 -4.450000000000002842e-01 0.000000000000000000e+00
6.031349113600299461e-01 -4.580000000000001847e-01 0.000000000000000000e+00
6.075465559879376087e-01 -4.650000000000016342e-01 0.000000000000000000e+00
6.117345699731231434e-01 -4.579999999999984084e-01 0.000000000000000000e+00
6.159022526953776833e-01 -4.659999999999993037e-01 0.000000000000000000e+00
6.200699363635067130e-01 -4.819999999999993179e-01 0.000000000000000000e+00
6.239733268612326356e-01 -5.010000000000012221e-01 0.000000000000000000e+00
2.546759374599787407e-01 -6.300000000000025580e-01 0.000000000000000000e+00
2.587419695446442347e-01 -6.250000000000000000e-01 0.000000000000000000e+00
2.628080025770032080e-01 -6.140000000000007674e-01 0.000000000000000000e+00
2.668740346616687020e-01 -6.149999999999984368e-01 0.000000000000000000e+00
2.707570957918505883e-01 -6.229999999999993321e-01 0.000000000000000000e+00
2.745588356538064545e-01 -6.089999999999999858e-01 0.000000000000000000e+00
2.784215664669318357e-01 -6.059999999999998721e-01 0.000000000000000000e+00
2.822639669611817226e-01 -5.949999999999988631e-01 0.000000000000000000e+00
2.861266977743071038e-01 -5.990000000000019753e-01 0.000000000000000000e+00
2.900097589026700007e-01 -6.010000000000008669e-01 0.000000000000000000e+00
2.938724897157953819e-01 -5.889999999999986358e-01 0.000000000000000000e+00
2.977555498982837889e-01 -5.800000000000000711e-01 0.000000000000000000e+00
3.016182807114091702e-01 -5.850000000000008527e-01 0.000000000000000000e+00
3.055216721568285720e-01 -5.680000000000013927e-01 0.000000000000000000e+00
3.096893558249576017e-01 -5.660000000000007248e-01 0.000000000000000000e+00
3.135724160074460087e-01 -5.580000000000016058e-01 0.000000000000000000e+00
3.174554771358089056e-01 -5.470000000000005969e-01 0.000000000000000000e+00
3.378059688275243388e-01 -5.149999999999987921e-01 0.000000000000000000e+00
3.718386604214174440e-01 -4.629999999999991900e-01 0.000000000000000000e+00
3.757217206039058510e-01 -4.390000000000000568e-01 0.000000000000000000e+00
3.796047817322687479e-01 -4.450000000000002842e-01 0.000000000000000000e+00
3.834675125453941291e-01 -4.390000000000000568e-01 0.000000000000000000e+00
3.873505736737570260e-01 -4.180000000000010374e-01 0.000000000000000000e+00
3.912133044868824072e-01 -4.199999999999999289e-01 0.000000000000000000e+00
3.950760352981887991e-01 -3.950000000000013500e-01 0.000000000000000000e+00
3.989387661113141803e-01 -3.949999999999977973e-01 0.000000000000000000e+00
4.028218262938025873e-01 -3.890000000000011227e-01 0.000000000000000000e+00
4.066845571051089792e-01 -3.700000000000009948e-01 0.000000000000000000e+00
4.115028061733028153e-01 -3.659999999999996589e-01 0.000000000000000000e+00
4.163617149279161822e-01 -3.529999999999979821e-01 0.000000000000000000e+00
4.207530292387673398e-01 -3.319999999999989626e-01 0.000000000000000000e+00
4.337033424762921641e-01 -3.039999999999984936e-01 0.000000000000000000e+00
4.420590391837322386e-01 -2.770000000000010232e-01 0.000000000000000000e+00
4.545824186134268530e-01 -2.530000000000001137e-01 0.000000000000000000e+00
4.586687810151488520e-01 -2.460000000000004405e-01 0.000000000000000000e+00
4.627754737339273561e-01 -2.320000000000010942e-01 0.000000000000000000e+00
4.669024967679433757e-01 -2.269999999999985363e-01 0.000000000000000000e+00
4.710295198037783848e-01 -2.209999999999983089e-01 0.000000000000000000e+00
4.752175328430894297e-01 -2.159999999999993037e-01 0.000000000000000000e+00
4.793852165112184593e-01 -2.210000000000018616e-01 0.000000000000000000e+00
4.835528992334729992e-01 -2.180000000000017479e-01 0.000000000000000000e+00
4.879848741766181774e-01 -2.200000000000006395e-01 0.000000000000000000e+00
4.923151994316867786e-01 -2.259999999999990905e-01 0.000000000000000000e+00
4.966455237408808898e-01 -2.209999999999983089e-01 0.000000000000000000e+00
5.012401402709656395e-01 -2.170000000000023022e-01 0.000000000000000000e+00
5.051028710840910207e-01 -2.180000000000017479e-01 0.000000000000000000e+00
5.089859322124539176e-01 -2.220000000000013074e-01 0.000000000000000000e+00
5.128689923949423246e-01 -2.369999999999983231e-01 0.000000000000000000e+00
5.167317232080677059e-01 -2.530000000000001137e-01 0.000000000000000000e+00
5.206147843364306027e-01 -2.439999999999997726e-01 0.000000000000000000e+00
5.244978454666124890e-01 -2.609999999999992326e-01 0.000000000000000000e+00
5.283809065949753858e-01 -2.739999999999991331e-01 0.000000000000000000e+00
5.322639667774637928e-01 -2.820000000000000284e-01 0.000000000000000000e+00
5.370008945792505983e-01 -2.909999999999985931e-01 0.000000000000000000e+00
5.408839557076134952e-01 -3.010000000000001563e-01 0.000000000000000000e+00
5.457835250945208827e-01 -3.190000000000008384e-01 0.000000000000000000e+00
5.500325281373079633e-01 -3.359999999999985221e-01 0.000000000000000000e+00
5.548507772036828101e-01 -3.490000000000001990e-01 0.000000000000000000e+00
5.587338373861712171e-01 -3.569999999999993179e-01 0.000000000000000000e+00
5.626168985145341139e-01 -3.679999999999985505e-01 0.000000000000000000e+00
5.664999596447160002e-01 -3.839999999999985647e-01 0.000000000000000000e+00
5.703830207730788970e-01 -3.879999999999999005e-01 0.000000000000000000e+00
5.742660809555673040e-01 -4.019999999999992468e-01 0.000000000000000000e+00
5.853866798970557284e-01 -4.219999999999988205e-01 0.000000000000000000e+00
5.934577540647296701e-01 -4.359999999999981668e-01 0.000000000000000000e+00
5.970765229722019285e-01 -4.569999999999989626e-01 0.000000000000000000e+00
6.013458572761010146e-01 -4.710000000000018616e-01 0.000000000000000000e+00
6.055135399983555544e-01 -4.619999999999997442e-01 0.000000000000000000e+00
6.096608933494280791e-01 -4.889999999999989910e-01 0.000000000000000000e+00
6.137879163852630882e-01 -4.829999999999987637e-01 0.000000000000000000e+00
6.176506471983884694e-01 -4.849999999999994316e-01 0.000000000000000000e+00
6.217979996035865042e-01 -5.069999999999978968e-01 0.000000000000000000e+00
6.256810607319494011e-01 -5.149999999999987921e-01 0.000000000000000000e+00
6.295641218621312873e-01 -5.109999999999992326e-01 0.000000000000000000e+00
6.334675123598572100e-01 -5.070000000000014495e-01 0.000000000000000000e+00
6.374318938087526476e-01 -5.189999999999983515e-01 0.000000000000000000e+00
6.411319839826319367e-01 -5.299999999999993605e-01 0.000000000000000000e+00
6.450150441651203437e-01 -5.479999999999982663e-01 0.000000000000000000e+00
6.489997559292532969e-01 -5.380000000000020322e-01 0.000000000000000000e+00
6.526795157860760810e-01 -5.459999999999993747e-01 0.000000000000000000e+00
6.563796050122618908e-01 -5.570000000000003837e-01 0.000000000000000000e+00
6.600796942384477006e-01 -5.600000000000004974e-01 0.000000000000000000e+00
6.637594540952704847e-01 -5.610000000000017195e-01 0.000000000000000000e+00
6.674595433214562945e-01 -5.780000000000011795e-01 0.000000000000000000e+00
6.714239247703517321e-01 -5.709999999999997300e-01 0.000000000000000000e+00
6.937871026602806523e-01 -5.990000000000019753e-01 0.000000000000000000e+00
6.974668625152844470e-01 -5.899999999999998579e-01 0.000000000000000000e+00
7.011466214244137518e-01 -6.009999999999990905e-01 0.000000000000000000e+00
7.051313331903656945e-01 -5.999999999999996447e-01 0.000000000000000000e+00
7.088517527336080093e-01 -6.090000000000017621e-01 0.000000000000000000e+00
7.128364644995599519e-01 -6.129999999999995453e-01 0.000000000000000000e+00
7.165365537257457618e-01 -6.139999999999989910e-01 0.000000000000000000e+00
7.205415958069352200e-01 -6.130000000000013216e-01 0.000000000000000000e+00
7.292225747405609582e-01 -6.169999999999991047e-01 0.000000000000000000e+00
7.331666258723998908e-01 -6.149999999999984368e-01 0.000000000000000000e+00
7.368667160462791799e-01 -6.050000000000004263e-01 0.000000000000000000e+00
7.408310974951746175e-01 -6.120000000000000995e-01 0.000000000000000000e+00
7.491867942007957026e-01 -6.189999999999997726e-01 0.000000000000000000e+00
7.531308453344536247e-01 -6.229999999999993321e-01 0.000000000000000000e+00
7.568309345606394345e-01 -6.080000000000005400e-01 0.000000000000000000e+00
7.683378066776640480e-01 -6.009999999999990905e-01 0.000000000000000000e+00
8.230666015570022864e-01 -5.500000000000024869e-01 0.000000000000000000e+00
8.270106536365346983e-01 -5.249999999999985789e-01 0.000000000000000000e+00
8.309953654024866410e-01 -5.460000000000011511e-01 0.000000000000000000e+00
8.349394165343255736e-01 -5.230000000000014637e-01 0.000000000000000000e+00
8.389037979832210112e-01 -5.329999999999994742e-01 0.000000000000000000e+00
8.430714807054755511e-01 -5.209999999999990195e-01 0.000000000000000000e+00
8.470358631002454786e-01 -5.199999999999995737e-01 0.000000000000000000e+00
8.510205739203229314e-01 -5.020000000000006679e-01 0.000000000000000000e+00
8.551882575884519611e-01 -4.979999999999993321e-01 0.000000000000000000e+00
8.590916490338713629e-01 -5.099999999999997868e-01 0.000000000000000000e+00
8.627714079430006677e-01 -4.660000000000010800e-01 0.000000000000000000e+00
8.664308374827669468e-01 -4.760000000000008669e-01 0.000000000000000000e+00
8.702935673481988488e-01 -4.789999999999992042e-01 0.000000000000000000e+00
8.741359687919612043e-01 -4.669999999999987494e-01 0.000000000000000000e+00
8.779986986573931063e-01 -4.489999999999998437e-01 0.000000000000000000e+00
8.821663823255221359e-01 -4.280000000000008242e-01 0.000000000000000000e+00
8.859884525045345072e-01 -4.329999999999998295e-01 0.000000000000000000e+00
8.901154755403695162e-01 -4.190000000000004832e-01 0.000000000000000000e+00
8.942628288914420409e-01 -4.160000000000003695e-01 0.000000000000000000e+00
8.981458890739304479e-01 -3.890000000000011227e-01 0.000000000000000000e+00
9.019882905176928034e-01 -3.840000000000003411e-01 0.000000000000000000e+00
9.058510203831247054e-01 -3.819999999999996732e-01 0.000000000000000000e+00
9.097137511944310972e-01 -3.760000000000012221e-01 0.000000000000000000e+00
9.135561516904999735e-01 -3.549999999999986500e-01 0.000000000000000000e+00
9.173985531342623290e-01 -3.449999999999988631e-01 0.000000000000000000e+00
9.212409536285122158e-01 -3.419999999999987494e-01 0.000000000000000000e+00
9.253883060337102506e-01 -3.170000000000001705e-01 0.000000000000000000e+00
9.292307065297791269e-01 -3.049999999999997158e-01 0.000000000000000000e+00
9.333983901997271460e-01 -2.879999999999984794e-01 0.000000000000000000e+00
9.372407906939770328e-01 -2.739999999999991331e-01 0.000000000000000000e+00
9.410831911900459090e-01 -2.560000000000002274e-01 0.000000000000000000e+00
9.449459220031712903e-01 -2.629999999999999005e-01 0.000000000000000000e+00
9.490729450390062993e-01 -2.299999999999986500e-01 0.000000000000000000e+00
9.535252502992079826e-01 -2.330000000000005400e-01 0.000000000000000000e+00
9.576522733350429917e-01 -2.240000000000001990e-01 0.000000000000000000e+00
9.615150041481683729e-01 -2.109999999999985221e-01 0.000000000000000000e+00
9.656420271821843926e-01 -2.040000000000006253e-01 0.000000000000000000e+00
9.695047570476162946e-01 -1.829999999999980531e-01 0.000000000000000000e+00
9.733878181777981808e-01 -1.839999999999992752e-01 0.000000000000000000e+00
9.772505489891045727e-01 -1.800000000000014921e-01 0.000000000000000000e+00
9.811539404363429639e-01 -1.799999999999997158e-01 0.000000000000000000e+00
9.850370015647058608e-01 -1.890000000000000568e-01 0.000000000000000000e+00
9.898349193681497127e-01 -1.880000000000023874e-01 0.000000000000000000e+00
9.941449133602873189e-01 -2.010000000000005116e-01 0.000000000000000000e+00
9.988005208415415836e-01 -1.910000000000025011e-01 0.000000000000000000e+00
3.008864196090144105e-03 -2.070000000000007390e-01 0.000000000000000000e+00
7.522160407461342402e-03 -1.999999999999975131e-01 0.000000000000000000e+00
1.195413535242551006e-02 -2.259999999999990905e-01 0.000000000000000000e+00
1.606082807120401412e-02 -2.429999999999985505e-01 0.000000000000000000e+00
2.047247364498616662e-02 -2.550000000000025580e-01 0.000000000000000000e+00
2.457916541789018083e-02 -2.789999999999999147e-01 0.000000000000000000e+00
2.905180194284184836e-02 -2.919999999999998153e-01 0.000000000000000000e+00
3.342278593663650099e-02 -3.109999999999999432e-01 0.000000000000000000e+00
3.775311119170510210e-02 -3.290000000000006253e-01 0.000000000000000000e+00
4.208343550089921337e-02 -3.340000000000014069e-01 0.000000000000000000e+00
4.612913726850820240e-02 -3.570000000000010942e-01 0.000000000000000000e+00
5.045946157770231366e-02 -3.620000000000000995e-01 0.000000000000000000e+00
5.446450365889177192e-02 -3.750000000000017764e-01 0.000000000000000000e+00
5.855086606061377097e-02 -3.759999999999994458e-01 0.000000000000000000e+00
6.259656877773522865e-02 -4.019999999999992468e-01 0.000000000000000000e+00
6.658128054186818190e-02 -4.090000000000006963e-01 0.000000000000000000e+00
7.058632167718315031e-02 -4.299999999999997158e-01 0.000000000000000000e+00
7.463202439430460799e-02 -4.220000000000023732e-01 0.000000000000000000e+00
7.871838679602660704e-02 -4.489999999999980673e-01 0.000000000000000000e+00
8.276408951132907532e-02 -4.359999999999999432e-01 0.000000000000000000e+00
8.680979127893806435e-02 -4.669999999999987494e-01 0.000000000000000000e+00
9.114011558813217562e-02 -4.599999999999990763e-01 0.000000000000000000e+00
9.522647798985417467e-02 -4.729999999999989768e-01 0.000000000000000000e+00
9.955680229904828593e-02 -5.009999999999994458e-01 0.000000000000000000e+00
1.036431656466447748e-01 -4.969999999999998863e-01 0.000000000000000000e+00
1.080141496422584169e-01 -4.860000000000006537e-01 0.000000000000000000e+00
1.122631536309199873e-01 -4.909999999999996589e-01 0.000000000000000000e+00
1.164105069819925120e-01 -5.050000000000007816e-01 0.000000000000000000e+00
1.208018222405371489e-01 -5.250000000000021316e-01 0.000000000000000000e+00
1.249085149593156530e-01 -5.179999999999989058e-01 0.000000000000000000e+00
1.290761976797512034e-01 -5.270000000000010232e-01 0.000000000000000000e+00
1.335691635758848861e-01 -5.590000000000010516e-01 0.000000000000000000e+00
1.379808082037925487e-01 -5.809999999999995168e-01 0.000000000000000000e+00
1.421281615548650734e-01 -5.519999999999996021e-01 0.000000000000000000e+00
1.463365049094136339e-01 -5.849999999999990763e-01 0.000000000000000000e+00
1.511344236605509650e-01 -5.780000000000011795e-01 0.000000000000000000e+00
1.555054076561646070e-01 -5.809999999999977405e-01 0.000000000000000000e+00
1.599170532299467595e-01 -5.730000000000021743e-01 0.000000000000000000e+00
1.644710091277374886e-01 -5.850000000000008527e-01 0.000000000000000000e+00
3.085915261945046950e-01 -5.489999999999994884e-01 0.000000000000000000e+00
3.124135973193915561e-01 -5.370000000000008100e-01 0.000000000000000000e+00
3.162559978154604323e-01 -5.410000000000003695e-01 0.000000000000000000e+00
3.200983983115293086e-01 -5.370000000000008100e-01 0.000000000000000000e+00
3.239204684905416798e-01 -5.279999999999986926e-01 0.000000000000000000e+00
3.277425386695540510e-01 -5.060000000000002274e-01 0.000000000000000000e+00
3.315646097962599015e-01 -5.030000000000001137e-01 0.000000000000000000e+00
3.353866799752722727e-01 -5.099999999999980105e-01 0.000000000000000000e+00
3.392290804713411490e-01 -5.070000000000014495e-01 0.000000000000000000e+00
3.430511506503535202e-01 -4.890000000000007674e-01 0.000000000000000000e+00
3.468732217752403812e-01 -5.010000000000012221e-01 0.000000000000000000e+00
3.506749616390152369e-01 -4.890000000000007674e-01 0.000000000000000000e+00
3.544970318180276081e-01 -4.770000000000003126e-01 0.000000000000000000e+00
3.583191019970399793e-01 -4.589999999999996305e-01 0.000000000000000000e+00
