#Phase	Normalized r magnitude 	(error)
0.557511  0.210787 0.005740
0.571109  0.269134 0.005818
0.584713  0.307574 0.006248
0.597722  0.338349 0.008613
0.608602  0.362584 0.006436
0.622200  0.364979 0.006583
0.635553  0.410334 0.007328
0.647537  0.277506 0.007295
0.659780  0.373566 0.006488
0.672025  0.338813 0.006541
0.685193  0.308044 0.006088
0.697431  0.286902 0.006069
0.711039  0.253542 0.005642
0.724943  0.212150 0.006828
0.736369  0.174061 0.009044
0.743184  0.182600 0.022600
0.192483  0.275977 0.007750
0.206079  0.240531 0.007102
0.218322  0.205977 0.007496
0.231135  0.166118 0.006872
0.244013  0.142827 0.006238
0.256253  0.116135 0.006306
0.267786  0.121408 0.006427
0.281946  0.067651 0.005071
0.294192  0.053626 0.005805
0.306432  0.044580 0.005141
0.321316  0.018922 0.005334
0.332195  0.021129 0.005491
0.344436  0.006616 0.004242
0.357954  0.005021 0.004980
0.371464  0.003921 0.004262
0.383707 -0.005983 0.004713
0.394590 -0.001897 0.004920
0.408954  0.003150 0.004258
0.421184  0.018591 0.004980
0.433431  0.024454 0.004537
0.447273  0.034600 0.004991
0.460039  0.053884 0.004717
0.472278  0.074104 0.005711
0.483805  0.089620 0.005483
0.497949  0.104470 0.005079
0.510193  0.131632 0.005518
0.522439  0.152504 0.005236
0.537411  0.177816 0.006024
0.548290  0.201058 0.005879
0.560530  0.240036 0.005401
0.573885  0.282408 0.006308
0.587229  0.321220 0.005969
0.599479  0.343498 0.006746
0.610358  0.367207 0.007058
0.625263  0.391172 0.006369
0.637506  0.396018 0.006845
0.649743  0.397854 0.006114
0.664041  0.374543 0.006675
0.675596  0.343774 0.006255
0.687842  0.285390 0.005373
0.700643  0.281428 0.006200
0.714545  0.243420 0.005576
0.726784  0.206746 0.005682
0.739712  0.178798 0.005823
0.753767  0.152280 0.005394
0.764203  0.133086 0.006694
0.776888  0.118712 0.005067
0.790195  0.095380 0.006243
0.803493  0.066709 0.006616
0.811664  0.098200 0.021300
0.179008  0.335900 0.015700
0.187162  0.289733 0.007605
0.200759  0.271050 0.007557
0.213004  0.201013 0.008070
0.226454  0.189130 0.007899
0.238688  0.150190 0.006442
0.252295  0.117944 0.006097
0.264878  0.099114 0.007129
0.276603  0.077503 0.005211
0.290204  0.070190 0.005274
0.301092  0.040204 0.006771
0.314516  0.027169 0.005151
0.328122  0.020390 0.004946
0.340355 -0.001351 0.005057
0.353154  0.007143 0.005135
0.366029 -0.003724 0.004604
0.378272 -0.003449 0.005059
0.389792 -0.000194 0.004974
0.403936  0.002874 0.004189
0.417542  0.004507 0.004366
0.429782  0.023080 0.004739
0.442786  0.033608 0.004857
0.455023  0.048408 0.004372
0.467269  0.062114 0.005115
0.479210  0.071861 0.005197
0.492511  0.096848 0.004968
0.506112  0.125053 0.004852
0.518922  0.128647 0.005276
0.531475  0.168173 0.006193
0.543718  0.191442 0.005212
0.557324  0.235309 0.005185
0.570540  0.264712 0.006771
0.581414  0.304092 0.005577
0.595022  0.331668 0.005604
0.608370  0.369146 0.006303
0.620355  0.381599 0.006436
0.632604  0.397409 0.006559
0.644843  0.397186 0.007365
0.657848  0.377686 0.007116
0.670084  0.358452 0.005988
0.683694  0.324883 0.005497
0.697861  0.280793 0.005750
0.709383  0.257514 0.005609
0.721625  0.216055 0.004856
0.734429  0.180432 0.005810
0.746961  0.158095 0.005210
0.759207  0.145987 0.004727
0.772806  0.123045 0.004677
0.787266  0.088332 0.005227
0.798151  0.081771 0.005441
0.810390  0.067441 0.004789
0.823916  0.035105 0.005462
0.834719  0.022424 0.007304
0.212505  0.226800 0.017100
0.220651  0.182405 0.006843
0.234260  0.165858 0.006655
0.273547  0.084352 0.005879
0.284431  0.071455 0.005782
0.296378  0.055315 0.005707
0.309680  0.029154 0.004954
0.323282  0.020285 0.004685
0.334162  0.023223 0.006469
0.347591  0.007070 0.004304
0.361190  0.006702 0.004359
0.373434 -0.000245 0.004924
0.385908  0.008672 0.004747
0.398674 -0.000012 0.004313
0.412281 -0.002478 0.004332
0.425581  0.015254 0.005093
0.437519  0.023853 0.005341
0.449762  0.057338 0.005386
0.462011  0.060220 0.005176
0.475434  0.076507 0.005605
0.487676  0.095183 0.004891
0.497202  0.118135 0.008270
0.324005 -0.006330 0.012753
0.333514 -0.000888 0.006842
0.345762 -0.005807 0.007687
0.358791  0.005433 0.008503
0.371036 -0.016504 0.006845
0.384634 -0.012581 0.006580
0.397250 -0.018081 0.007403
0.409001 -0.004733 0.005906
0.422607 -0.003351 0.005729
0.432137  0.023604 0.008839
0.465620  0.053400 0.012100
0.473770  0.059901 0.005179
0.487325  0.082602 0.007359
0.498207  0.093459 0.005324
0.511807  0.127067 0.005574
0.525110  0.153679 0.006564
0.537046  0.179224 0.006724
0.549296  0.209080 0.006061
0.561540  0.231922 0.007031
0.574989  0.279956 0.007662
0.587228  0.321299 0.006816
0.600827  0.352912 0.007136
0.614672  0.378153 0.007874
0.626078  0.380921 0.007461
0.638317  0.391210 0.006437
0.651257  0.376816 0.007467
0.664199  0.350410 0.006860
0.676440  0.331537 0.005980
0.690039  0.296828 0.005832
0.703481  0.273746 0.007510
0.714359  0.231069 0.005316
0.727956  0.213678 0.005732
0.741360  0.196078 0.006450
0.753389  0.152395 0.005744
0.765635  0.124499 0.004729
0.777872  0.104547 0.005441
0.791516  0.084030 0.005042
0.803752  0.072202 0.004723
0.817353  0.063547 0.004859
0.829940  0.049191 0.006155
0.841663  0.029037 0.004543
0.855258  0.030726 0.004354
0.866147  0.011927 0.005791
0.879689  0.015159 0.004546
0.893284  0.003092 0.004597
0.905524  0.008730 0.004915
0.918070  0.011314 0.004839
0.930858  0.020741 0.004335
0.944459  0.020681 0.004061
0.956147  0.039689 0.006101
0.967264  0.046153 0.005776
0.637087  0.394502 0.009262
0.646797  0.393916 0.009208
0.658444  0.373253 0.006877
0.672040  0.347144 0.006315
0.684852  0.308094 0.006884
0.697453  0.318225 0.006298
0.709692  0.253843 0.005827
0.723289  0.212327 0.005449
0.736411  0.194338 0.006988
0.747282  0.164213 0.004955
0.760881  0.148159 0.005377
0.774237  0.121019 0.006307
0.786223  0.101494 0.006348
0.798465  0.091006 0.005368
0.810708  0.075105 0.005250
0.824276  0.041928 0.005366
0.836508 -0.006719 0.004298
0.850111  0.029835 0.004658
0.864076  0.022606 0.005189
0.875519  0.014672 0.005078
0.887761 -0.021559 0.004231
0.900593  0.014791 0.004844
0.913216  0.017135 0.005532
0.925456  0.015082 0.004586
0.939056  0.024580 0.005102
0.952511  0.024260 0.005658
0.963384  0.047641 0.004651
0.976980  0.061271 0.004531
0.990487  0.089454 0.005393
0.002622  0.089699 0.006383
0.009426  0.104400 0.015700
0.402046 -0.013813 0.009592
0.412933 -0.011233 0.008523
0.426570 -0.007132 0.007959
0.438802  0.018875 0.007724
0.451048  0.028487 0.008292
0.463204  0.020404 0.008172
0.476713  0.054251 0.007471
0.488958  0.074481 0.008238
0.499834  0.092380 0.008542
0.514637  0.120923 0.007699
0.526866  0.146281 0.007634
0.539110  0.160444 0.007524
0.553024  0.189028 0.007983
0.565810  0.235595 0.007340
0.578057  0.280949 0.008850
0.589581  0.309459 0.008464
0.603749  0.360529 0.007823
0.615994  0.366177 0.008139
0.628238  0.400515 0.008008
0.643051  0.403790 0.008834
0.653931  0.400135 0.008141
0.666166  0.376606 0.007219
0.679528  0.341549 0.007486
0.692868  0.317346 0.006277
0.705114  0.265384 0.006475
0.715991  0.231004 0.006356
0.730458  0.198183 0.005192
0.744056  0.166695 0.005022
0.756295  0.128533 0.005294
0.768940  0.113842 0.005028
0.781761  0.089564 0.004603
0.794002  0.079160 0.005489
0.805505  0.067792 0.004781
0.819619  0.064406 0.004647
0.831865  0.034656 0.005232
0.844104  0.031098 0.004425
0.858562  0.003611 0.004796
0.870795  0.010226 0.004003
0.883036  0.011770 0.004725
0.895024  0.006797 0.004896
0.908356  0.005331 0.004198
0.921954  0.007575 0.004063
0.932839 -0.024164 0.005742
0.946290  0.024530 0.004442
0.959882  0.036330 0.004402
0.972117  0.074637 0.005069
0.984578  0.060769 0.005433
0.997336  0.091586 0.004969
0.010941  0.112742 0.004847
0.022515  0.135709 0.006908
0.034794  0.160785 0.005780
0.048395  0.201228 0.008959
0.060636  0.269786 0.019429
0.412363  0.026800 0.024300
0.420517  0.002115 0.010484
0.434121  0.027456 0.009646
0.446365  0.031358 0.010450
0.459819  0.075955 0.010884
0.472054  0.080843 0.009285
0.484303  0.114729 0.010232
0.496247  0.118334 0.009580
0.509541  0.134219 0.008698
0.523141  0.147712 0.008466
0.534028  0.179039 0.010986
0.547577  0.195425 0.008546
0.561171  0.281608 0.009708
0.573409  0.271145 0.010838
0.585901  0.306423 0.011045
0.598668  0.332313 0.009517
0.610903  0.369459 0.010426
0.622352  0.378741 0.010920
0.636249  0.377060 0.009215
0.649854  0.393237 0.009527
0.662090  0.362663 0.009586
0.675078  0.341210 0.009786
0.687312  0.297613 0.008133
0.700915  0.273574 0.007935
0.713504  0.235580 0.009166
0.725228  0.201329 0.006897
0.738828  0.196112 0.006600
0.751603  0.151869 0.006682
0.764081  0.139339 0.006645
0.776320  0.121828 0.005385
0.789915  0.098286 0.005073
0.803122  0.076243 0.006130
0.814000  0.067141 0.004849
0.827601  0.042322 0.004464
0.839372  0.027483 0.005899
0.852023  0.017806 0.004292
0.865628  0.012023 0.004129
0.877868  0.015484 0.004631
0.891129  0.013410 0.004633
0.903367  0.000367 0.004085
0.916966  0.005992 0.004093
0.929257  0.012076 0.005423
0.940828  0.021979 0.004447
0.954427  0.041895 0.004627
0.967317  0.051261 0.004966
0.980121  0.091349 0.005183
0.992358  0.086598 0.004810
0.005957  0.113309 0.004781
0.019411  0.115668 0.006121
0.030287  0.149438 0.004897
0.043889  0.179004 0.005349
0.055624  0.206433 0.007268
0.068210  0.238888 0.005910
0.077734  0.289519 0.011596
0.445793  0.063300 0.019900
0.453932  0.050193 0.008384
0.466173  0.067306 0.008543
0.479098  0.098342 0.008847
0.492786  0.104357 0.009184
0.505025  0.123609 0.007927
0.517271  0.145472 0.009789
0.529234  0.175926 0.009210
0.542532  0.191334 0.008004
0.556131  0.169771 0.007854
0.567020  0.252251 0.011463
0.580452  0.298072 0.008914
0.594049  0.344506 0.008987
0.606285  0.357179 0.010432
0.618773  0.378166 0.010536
0.631534  0.398124 0.009830
0.645136  0.372888 0.009473
0.658430  0.386422 0.010998
0.670370  0.371562 0.010948
0.682608  0.338603 0.009958
0.694837  0.304325 0.010209
0.708280  0.267150 0.009667
0.720518  0.221228 0.008178
0.734120  0.188286 0.007315
0.746423  0.176767 0.008890
0.758003  0.033521 0.006978
0.771608  0.133643 0.006653
0.782490  0.103493 0.008544
0.796113  0.011058 0.005725
0.809702  0.074589 0.006003
0.823310  0.059488 0.006652
0.836776  0.091648 0.008364
0.847646  0.034380 0.006004
0.861245  0.014618 0.005208
0.872842 -0.002948 0.006998
0.885132 -0.001040 0.004805
0.898738  0.035336 0.005021
0.910973  0.002142 0.005105
0.923978  0.014727 0.005048
0.936216  0.024974 0.004561
0.949818  0.020853 0.004150
0.962451  0.039259 0.005755
0.974193  0.057002 0.004388
0.987795  0.075451 0.004870
0.998683  0.082670 0.006500
0.012506  0.111942 0.004871
0.026100  0.178708 0.004986
0.038333  0.161307 0.005431
0.050803  0.201782 0.005510
0.063556  0.216352 0.005331
0.077153  0.259204 0.005492
0.088945  0.317383 0.008166
0.097571  0.327341 0.009675
0.441261  0.019497 0.015069
0.449417  0.019159 0.009583
0.461656  0.071640 0.009127
0.474576  0.063760 0.009958
0.487449  0.102572 0.009699
0.499687  0.105822 0.008797
0.513290  0.127110 0.008474
0.526303  0.130486 0.011617
0.537185  0.184175 0.008462
0.550791  0.198004 0.008976
0.564104  0.220559 0.009522
0.576040  0.252610 0.011255
0.588287  0.288622 0.009341
0.600525  0.337386 0.010578
0.613957  0.363652 0.010494
0.626199  0.375813 0.009666
0.639805  0.399209 0.009647
0.653653  0.397757 0.011284
0.665051  0.370861 0.011192
0.677293  0.361102 0.009907
0.690078  0.303222 0.010292
0.703964  0.277467 0.008862
0.716215  0.250476 0.010248
0.728451  0.234580 0.009266
0.742819  0.193682 0.009789
0.753700  0.163778 0.009453
0.765949  0.128495 0.007873
0.779457  0.115007 0.008333
0.792971  0.081690 0.007047
0.805213  0.060640 0.007785
0.816095  0.032766 0.007207
0.829925  0.024761 0.007194
0.842164  0.027717 0.006229
0.855775  0.006471 0.005864
0.869900  0.011024 0.006515
0.881398 -0.007503 0.006830
0.893635 -0.033293 0.005881
0.906407 -0.015372 0.006625
0.918880 -0.010755 0.006312
0.931119  0.012716 0.005770
0.944717  0.015027 0.006110
0.959532  0.041788 0.007096
0.970420  0.052674 0.007372
0.982655  0.062875 0.006210
0.996054  0.083336 0.006665
0.008080  0.107515 0.006377
0.020322  0.130882 0.005665
0.032565  0.162551 0.006394
0.046014  0.187059 0.005662
0.058250  0.213308 0.004857
0.071853  0.273042 0.005302
0.084456  0.292410 0.006830
0.096186  0.324634 0.005347
0.109779  0.370854 0.006250
0.122595  0.391216 0.006836
0.131125  0.398900 0.014100
0.472603  0.085245 0.013814
0.482114  0.090658 0.011755
0.495040  0.125361 0.012261
0.507138  0.134336 0.011986
0.520973  0.141806 0.010749
0.533217  0.147930 0.012202
0.545450  0.203340 0.011341
0.559916  0.223679 0.011937
0.570797  0.249735 0.012704
0.583046  0.278140 0.010677
0.596348  0.328131 0.012814
0.609644  0.349965 0.011588
0.621889  0.355566 0.013114
0.632767  0.390324 0.012971
0.647110  0.399953 0.011974
0.660705  0.364930 0.011664
0.672951  0.353583 0.012006
0.685502  0.327264 0.012561
0.698291  0.276794 0.010623
0.711890  0.266264 0.009867
0.723483  0.196663 0.011583
0.735762  0.197266 0.009687
0.749362  0.104560 0.008525
0.757518  0.180400 0.021500
0.567307  0.269295 0.015876
0.579551  0.287807 0.013742
0.593899  0.333230 0.014678
0.604782  0.352839 0.015281
0.617027  0.420844 0.014448
0.630547  0.403645 0.015517
0.642699  0.393176 0.014578
0.654935  0.401611 0.013393
0.667178  0.387496 0.016115
0.680262  0.336361 0.013152
0.692508  0.325738 0.011886
0.706111  0.267958 0.011064
0.720308  0.252832 0.012132
0.731821  0.229000 0.011681
0.744055  0.183173 0.009687
0.756873  0.181466 0.011229
0.769478  0.143689 0.010766
0.781715  0.128879 0.009428
0.795312  0.111669 0.009475
0.809669  0.091310 0.011287
0.820549  0.061438 0.010513
0.832788  0.070382 0.009622
0.846295  0.039777 0.009401
0.858452  0.017912 0.009666
0.870696  0.005598 0.008310
0.882930 -0.000658 0.008856
0.896580 -0.005476 0.008453
0.908825  0.007201 0.007873
0.922435  0.007942 0.008102
0.936414  0.015011 0.009244
0.947858  0.050364 0.009726
0.960099  0.037706 0.008899
0.972913  0.054457 0.009854
0.985511  0.069116 0.009352
0.997754  0.081577 0.008595
0.011353  0.129142 0.009011
0.025001  0.123692 0.012090
0.035876  0.171337 0.009829
0.049472  0.182531 0.009096
0.062915  0.238741 0.009639
0.074994  0.225961 0.009961
0.087235  0.316843 0.009802
0.099478  0.347800 0.011859
0.112950  0.382748 0.012372
0.125186  0.388852 0.010940
0.138790  0.409854 0.011481
0.151376  0.393686 0.014037
0.163094  0.365347 0.010609
0.176690  0.334527 0.010623
0.189468  0.293926 0.012152
0.201931  0.249025 0.013178
0.214169  0.209431 0.011695
0.572556  0.317000 0.032200
0.605056  0.345200 0.033100
0.613216  0.393404 0.018651
0.624334  0.397168 0.016703
0.637111  0.408810 0.015232
0.650719  0.415263 0.014336
0.664033  0.254830 0.015370
0.675969  0.342119 0.014759
0.688214  0.337170 0.013192
0.700451  0.304010 0.014298
0.714796  0.263692 0.012335
0.727034  0.246454 0.013862
0.739276  0.208623 0.012236
0.753593  0.152068 0.012810
0.765162  0.160251 0.013054
0.777409  0.115821 0.010880
0.790184  0.106564 0.012341
0.802653  0.097951 0.014009
0.814891  0.052703 0.009839
0.828491  0.049003 0.009752
0.842018  0.039484 0.012024
0.852894  0.023984 0.009413
0.866495  0.013997 0.009177
0.878411 -0.007501 0.010652
0.891333  0.010210 0.008341
0.904930  0.012648 0.008566
0.917173 -0.000943 0.009522
0.930365  0.002169 0.009863
0.942607  0.051460 0.009105
0.956210  0.034935 0.008924
0.968871  0.048770 0.010930
0.980636  0.060332 0.008217
0.994245  0.077332 0.009073
0.005121  0.096691 0.010794
0.018132  0.113777 0.009640
0.031723  0.155975 0.009506
0.043956  0.213966 0.010875
0.056583  0.215119 0.010813
0.069393  0.243323 0.010731
0.082991  0.297534 0.011803
0.096286  0.322714 0.014030
0.108220  0.386888 0.014419
0.119103  0.372382 0.014195
0.132704  0.416507 0.013206
0.146146  0.405132 0.012661
0.158381  0.400430 0.012240
0.171978  0.357595 0.011479
0.184579  0.310524 0.015375
0.196308  0.328538 0.012248
0.209911  0.237859 0.010091
0.222687  0.190703 0.011056
0.235608  0.189255 0.012754
0.246026  0.150001 0.010733
0.788176  0.086144 0.013991
0.797692  0.077035 0.012604
0.809937  0.086994 0.011178
0.822741  0.072828 0.012368
0.836637  0.053240 0.009817
0.848889  0.039973 0.010424
0.861132  0.030499 0.009900
0.877369  0.010996 0.011123
0.886886  0.008276 0.009557
0.899124  0.003459 0.008852
0.912416 -0.005854 0.009715
0.925709  0.024875 0.008886
0.936595  0.043953 0.011709
0.969267  0.048500 0.020700
0.976062  0.064574 0.010430
0.988305  0.095305 0.009873
0.002476  0.102012 0.010414
0.013986  0.095319 0.009961
0.026231  0.164853 0.008769
0.039009  0.147333 0.010416
0.052833  0.208533 0.009653
0.065074  0.231024 0.010485
0.077320  0.272874 0.010170
0.092207  0.308015 0.012101
0.103085  0.353586 0.012969
0.115319  0.376253 0.012447
0.128940  0.398672 0.013702
0.141194  0.392825 0.012211
0.153430  0.391491 0.011909
0.165679  0.365636 0.013602
0.179158  0.337001 0.012311
0.191395  0.301687 0.011724
0.204990  0.261571 0.010407
0.218812  0.225762 0.010365
0.230201  0.186551 0.009956
0.242440  0.137401 0.008148
0.255314  0.137425 0.009107
0.268109  0.111109 0.010304
0.936569  0.022621 0.014919
0.946104  0.036148 0.010310
0.958348  0.047635 0.011133
0.970592  0.072619 0.009812
0.982830  0.076877 0.010806
0.996403  0.088485 0.010310
0.008641  0.102879 0.009033
0.022244  0.132522 0.008626
0.034988  0.152947 0.011707
0.046792  0.195827 0.009055
0.060395  0.225465 0.009824
0.071271  0.270147 0.012706
0.084726  0.295916 0.009957
0.098319  0.326257 0.010199
0.110560  0.382853 0.012759
0.123179  0.380511 0.013268
0.135986  0.417848 0.012457
0.149594  0.384435 0.011190
0.161427  0.383890 0.013779
0.172828  0.356802 0.012141
0.187782  0.326506 0.011585
0.200025  0.286702 0.013318
0.213471  0.245457 0.012066
0.225708  0.204400 0.010196
0.237943  0.160825 0.010122
0.250101  0.144209 0.010066
0.263619  0.126442 0.008709
0.275858 -0.133444 0.008363
0.286737  0.080502 0.010120
0.301292  0.049379 0.009595
0.314879  0.031786 0.010790
0.639303  0.425512 0.014800
0.648815  0.421171 0.012924
0.661064  0.354189 0.011282
0.673842  0.334487 0.013179
0.686317  0.370415 0.012981
0.698563  0.300670 0.010479
0.712167  0.267178 0.010594
0.725656  0.233888 0.013806
0.736523  0.209074 0.010635
0.750126  0.182846 0.009707
0.763701  0.184487 0.011427
0.775911  0.157291 0.010936
0.788167  0.121797 0.009540
0.800403  0.115775 0.010838
0.813514  0.088927 0.010278
0.825753  0.075224 0.009271
0.839346  0.065000 0.009010
0.853171  0.039988 0.010314
0.864566  0.038097 0.010221
0.876812  0.039671 0.009168
0.889590  0.035006 0.009495
0.903426  0.014352 0.008322
0.915678  0.033343 0.009548
0.927911  0.019765 0.007868
0.942913  0.044199 0.009189
0.953787  0.052587 0.009223
0.966028  0.055803 0.007727
0.979382  0.064575 0.008738
0.991367  0.090618 0.009234
0.003614  0.107773 0.008119
0.015852  0.134309 0.009495
0.029482  0.165674 0.009687
0.041715  0.187387 0.008892
0.055316  0.185756 0.008717
0.069295  0.235520 0.010107
0.080745  0.277974 0.010017
0.092984  0.304590 0.009738
0.105748  0.351743 0.011713
0.118217  0.403741 0.012616
0.130451  0.394542 0.011358
0.144053  0.401404 0.010825
0.158611  0.385454 0.010999
0.169480  0.380702 0.012193
0.181718  0.324220 0.010222
0.195010  0.323123 0.011368
0.208300  0.253173 0.009200
0.220544  0.224549 0.009460
0.231432  0.183692 0.009086
0.245793  0.140333 0.008000
0.258028  0.123707 0.009891
0.270270  0.097047 0.008630
0.284436  0.062543 0.009907
0.297308  0.048751 0.008875
0.309547  0.034814 0.009321
0.320959  0.018740 0.008993
0.334793  0.027887 0.007886
0.347031 -0.000669 0.009555
0.355191  0.035801 0.014877
0.719506  0.230898 0.007984
0.733101  0.187077 0.008234
0.745350  0.168249 0.008592
0.758240  0.141806 0.008759
0.771134  0.113235 0.008127
0.783381  0.102532 0.008960
0.794807  0.088197 0.008418
0.808695  0.067922 0.007793
0.822289  0.048548 0.007622
0.834532  0.036839 0.008380
0.847539  0.017518 0.008900
0.859781  0.013056 0.007863
0.872021  0.015820 0.008867
0.884015  0.006602 0.009073
0.912324  0.004652 0.008791
0.921851  0.017785 0.010246
0.935395  0.017002 0.007801
0.948995  0.032088 0.007844
0.961237  0.040644 0.008280
0.973866  0.059401 0.008388
0.986685  0.062643 0.007542
0.000285  0.094816 0.007411
0.011885  0.110512 0.009575
0.024173  0.137418 0.007988
0.037758  0.145355 0.007245
0.050002  0.176420 0.009157
0.063015  0.236147 0.009131
0.075255  0.245200 0.008669
0.088857  0.282813 0.009181
0.101456  0.318185 0.011080
0.113185  0.338930 0.008767
0.126785  0.397561 0.009580
0.137665  0.399875 0.012344
0.151194  0.402790 0.010836
0.164791  0.373184 0.009616
0.177025  0.338661 0.010422
0.189495  0.311072 0.009300
0.202264  0.268061 0.008399
0.215865  0.234929 0.008407
0.229204  0.173629 0.008902
0.241177  0.166193 0.008387
0.253408  0.139299 0.007200
0.265649  0.101825 0.007643
0.279097  0.073991 0.007579
0.291332  0.064590 0.007391
0.304933  0.063556 0.007797
0.317294  0.040796 0.009805
0.328907  0.019434 0.007386
0.342502  0.019551 0.007519
0.355382 -0.010869 0.007431
0.368172 -0.014134 0.007754
0.380409 -0.002776 0.007669
0.389924  0.022232 0.015804
0.664737  0.345224 0.008411
0.676970  0.339894 0.007098
0.689215  0.307080 0.007897
0.701433  0.320270 0.008009
0.715007  0.224847 0.006075
0.727260  0.209950 0.007089
0.738142  0.191506 0.006821
0.752941  0.149390 0.006003
0.794578  0.079017 0.009903
0.804099  0.080409 0.006537
0.816340  0.056353 0.006393
0.827864  0.041956 0.006858
0.842013  0.043248 0.006113
0.855611  0.021656 0.006001
0.867857  0.026332 0.006739
0.880869  0.011122 0.006400
0.893102  0.015907 0.005984
0.905347  0.008267 0.006529
0.917521  0.019091 0.006717
0.931045  0.020278 0.006227
0.943292  0.024944 0.006925
0.954180  0.041814 0.007035
0.968996  0.034150 0.006056
0.982589  0.066671 0.006324
0.994832  0.080472 0.006993
0.007311  0.114870 0.006775
0.020070  0.123145 0.006696
0.032311  0.146079 0.007319
0.043884  0.177125 0.008788
0.058193  0.201902 0.007072
0.070434  0.264831 0.008245
0.082674  0.294492 0.007412
0.097214  0.340916 0.009057
0.109451  0.369229 0.008394
0.121689  0.397708 0.009442
0.133851  0.404816 0.009121
0.147360  0.402427 0.008091
0.159605  0.387229 0.008970
0.170500  0.369956 0.009191
0.184952  0.319376 0.007298
0.198549  0.285619 0.006664
0.210788  0.241788 0.007306
0.223320  0.208102 0.007227
0.236095  0.180925 0.006070
0.248335  0.151689 0.007310
0.259747  0.127063 0.007815
0.273577  0.091615 0.006444
0.287179  0.083032 0.006175
0.299422  0.079609 0.006890
0.312870  0.038808 0.006270
0.325105  0.035013 0.006200
0.337348  0.024043 0.007175
0.349289 -0.026529 0.006421
0.362586  0.001770 0.006035
0.376187  0.005178 0.005785
0.388963  0.007510 0.006506
0.401416  0.008133 0.006261
0.413654  0.007848 0.006077
0.427256  0.052381 0.008284
0.699277  0.290311 0.008359
0.710151  0.251237 0.008181
0.722394  0.223339 0.007192
0.735833  0.184240 0.008016
0.747903  0.166468 0.007640
0.760141  0.150675 0.006975
0.772374  0.110805 0.007061
0.786728  0.138605 0.006406
0.798969  0.057425 0.006434
0.811214  0.059930 0.005841
0.825393  0.052364 0.006430
0.836912  0.024048 0.006228
0.849147  0.023962 0.005638
0.861918  0.009427 0.006227
0.875744  0.016234 0.005763
0.887984  0.001299 0.005836
0.900227  0.001377 0.005643
0.915144 -0.004114 0.005681
0.926025  0.015323 0.006038
0.938266  0.016427 0.005420
0.951845  0.043773 0.006259
0.964055  0.060883 0.006519
0.976297  0.060233 0.005604
0.988528  0.080059 0.006339
0.002896  0.097850 0.006505
0.015136  0.126155 0.006641
0.027374  0.135736 0.005776
0.039672  0.157263 0.007446
0.053979  0.205752 0.006766
0.066225 -0.311413 0.005719
0.077775  0.251300 0.006943
0.092013  0.303847 0.006900
0.104261  0.332134 0.007933
0.116499  0.379732 0.007206
0.131036  0.396473 0.008155
0.141924  0.427655 0.009134
0.154161  0.402437 0.008043
0.167741  0.380709 0.008235
0.179950  0.331141 0.007607
0.192190  0.296917 0.006329
0.204420  0.249960 0.006718
0.219234  0.218741 0.006241
0.231465  0.187588 0.006387
0.243708  0.149371 0.005556
0.257833  0.126645 0.005973
0.269328  0.091883 0.006027
0.281572  0.080349 0.005355
0.294478  0.061177 0.006282
0.307356  0.042956 0.006132
0.319595  0.016950 0.005203
0.333196 -0.009490 0.005407
0.347564 -0.002390 0.005920
0.358455 -0.009300 0.005571
0.370689 -0.009282 0.004895
0.384227 -0.005543 0.006301
0.396399 -0.012914 0.006097
0.408639 -0.008170 0.005529
0.420869  0.003193 0.006305
0.429798  0.012300 0.011900
0.731610  0.184377 0.007621
0.743835  0.147453 0.006752
0.756076  0.135256 0.007506
0.768077  0.131775 0.007450
0.781425  0.106123 0.005970
0.795027  0.086170 0.006039
0.805900  0.066511 0.007870
0.819202  0.054336 0.005584
0.832805  0.032437 0.005274
0.845049 -0.049794 0.005495
0.857871  0.022096 0.006256
0.870745  0.063626 0.005298
0.882994  0.003225 0.005644
0.894523  0.008314 0.005412
0.908698  0.017466 0.004986
0.920943  0.027506 0.005579
0.933186  0.027565 0.005075
0.948002  0.040392 0.006037
0.960229  0.051314 0.005644
0.972471  0.061239 0.006216
0.984724  0.087942 0.006720
0.998330  0.092005 0.005957
0.010569  0.120375 0.006667
0.021457  0.171808 0.006780
0.035821  0.154027 0.005561
0.048059  0.206743 0.007147
0.060299  0.222859 0.006060
0.074135  0.236867 0.006766
0.086903  0.278010 0.006610
0.099152  0.310337 0.007100
0.110593  0.386417 0.007360
0.124501  0.394915 0.006632
0.138105  0.413235 0.007082
0.150347  0.420103 0.007610
0.163992  0.365049 0.008156
0.176225  0.343072 0.007044
0.188462  0.308602 0.007599
0.200500  0.277332 0.008154
0.213891  0.230066 0.006137
0.226133  0.212022 0.007046
0.237012  0.176343 0.006919
0.251827  0.135213 0.005786
0.264063  0.117419 0.005813
0.276302  0.114514 0.005270
0.290462  0.034984 0.005481
0.303327  0.058584 0.005082
0.315570  0.032691 0.005788
0.326984  0.023006 0.005679
0.340802  0.018215 0.005046
0.353045 -0.005282 0.005543
0.365284 -0.013005 0.005032
0.379647 -0.005498 0.005678
0.391880 -0.003228 0.005212
0.404108 -0.004170 0.005920
0.416308  0.002247 0.006194
0.429868  0.007215 0.005465
0.442109  0.022678 0.005924
0.452986  0.035841 0.005772
0.466440  0.057374 0.005868
0.764788  0.151724 0.008349
0.775665  0.122668 0.005783
0.789266  0.092211 0.005499
0.802566  0.076599 0.005989
0.814494  0.062555 0.005993
0.826736  0.041039 0.005677
0.838976  0.030655 0.005920
0.853339  0.037372 0.007943
0.865577  0.011393 0.006081
0.877825  0.014715 0.005122
0.892006  0.013452 0.005772
0.903519  0.010999 0.005658
0.915765  0.018839 0.005322
0.928644  0.022246 0.005675
0.941449  0.036626 0.005645
0.953691  0.047421 0.005324
0.967293  0.065374 0.005136
0.981663  0.074021 0.005619
0.992543  0.082047 0.005786
0.004780  0.112087 0.005373
0.018131  0.131422 0.005819
0.031485  0.156186 0.005580
0.043726  0.182002 0.006319
0.054608  0.223357 0.006156
0.068979  0.243260 0.006382
0.081225  0.265401 0.006604
0.093467  0.294171 0.005917
0.107910  0.339309 0.006772
0.119513  0.388420 0.007808
0.131760  0.388675 0.006671
0.144555  0.401723 0.007132
0.158449  0.391352 0.006838
0.170696  0.371066 0.007589
0.182931  0.328175 0.006800
0.197465  0.277341 0.006718
0.208345  0.231587 0.006501
0.220581  0.205994 0.005922
0.234162  0.168601 0.005996
0.247727  0.152375 0.007088
0.258612  0.128200 0.005636
0.270856  0.103589 0.006164
0.285666  0.075499 0.005079
0.297913  0.057417 0.005115
0.310152  0.037193 0.004535
0.323976  0.030765 0.005332
0.335371  0.021678 0.005368
0.347616  0.011064 0.004616
0.360393 -0.003486 0.005159
0.374207 -0.015630 0.004651
0.386448 -0.004805 0.005191
0.398688 -0.011878 0.004871
0.413497  0.005301 0.005402
0.424368  0.002711 0.006148
0.436610  0.015428 0.005478
0.449899  0.028336 0.005948
0.463189  0.042866 0.005345
0.475430  0.052023 0.005743
0.485854  0.079734 0.006362
0.501120  0.099335 0.005544
0.798173  0.074696 0.007250
0.810410  0.062291 0.006018
0.822662  0.061722 0.006659
0.834976  0.041089 0.006747
0.848642  0.029284 0.005765
0.860888  0.019227 0.006227
0.871766  0.014766 0.006222
0.886143  0.004608 0.005487
0.898383  0.014311 0.006114
0.910622  0.007113 0.005344
0.924458  0.018006 0.005856
0.937225  0.030061 0.005289
0.949468  0.037908 0.005670
0.960887  0.043152 0.006588
0.974717  0.061861 0.005850
0.988318  0.075093 0.005284
0.000566  0.092810 0.006366
0.013994  0.122444 0.006241
0.026235  0.137501 0.005521
0.038479  0.164495 0.006089
0.050728  0.186118 0.006619
0.064322  0.223306 0.005669
0.076563  0.253051 0.006729
0.087442  0.286101 0.006554
0.102357  0.353746 0.006307
0.114592  0.351411 0.006573
0.126832  0.383710 0.006117
0.140737  0.380059 0.006823
0.153527  0.420397 0.006626
0.165766  0.380610 0.007284
0.177293  0.331315 0.007029
0.191464  0.316180 0.006569
0.203709  0.256045 0.006925
0.215949  0.208562 0.006355
0.230432  0.167073 0.006596
0.242667  0.148598 0.005703
0.254908  0.114850 0.006248
0.266962  0.108667 0.005983
0.280354  0.096986 0.005371
0.292591  0.062306 0.005746
0.303474  0.051386 0.005189
0.318478  0.035635 0.004561
0.330709  0.016623 0.004960
0.342948  0.012608 0.004581
0.357096  0.001264 0.005050
0.368609 -0.006355 0.004870
0.380844 -0.011641 0.004417
0.393724 -0.004939 0.004758
0.407877  0.001315 0.004938
0.420120  0.009459 0.005374
0.432360  0.013009 0.005043
0.446722  0.022430 0.005777
0.457598  0.035910 0.005969
0.469839  0.059561 0.005189
0.483150  0.072136 0.005584
0.496448  0.096402 0.005182
0.508690  0.112136 0.005804
0.519566  0.135533 0.005926
0.534379  0.152031 0.006026
0.542529  0.186000 0.013800
0.831460  0.035311 0.007756
0.842338  0.026292 0.006338
0.855938  0.014492 0.006096
0.867676  0.008892 0.007812
0.880244 -0.000637 0.005639
0.893842 -0.009589 0.005529
0.906080 -0.000164 0.006185
0.919105 -0.007351 0.005637
0.931344  0.013002 0.005203
0.944946  0.012942 0.005085
0.958770  0.038355 0.005779
0.970172  0.041075 0.005661
0.982415  0.044269 0.005049
0.995323  0.066102 0.005643
0.008205  0.104979 0.005797
0.020455  0.125109 0.005498
0.034056  0.151074 0.005687
0.048523  0.186100 0.006042
0.059405  0.222569 0.006657
0.071645  0.253396 0.005792
0.084997  0.297863 0.007036
0.096980  0.339473 0.007436
0.109216  0.354933 0.006603
0.121462  0.393277 0.007646
0.135802  0.408441 0.006585
0.148040  0.386007 0.007230
0.160280  0.374376 0.006623
0.174744  0.333296 0.007200
0.186351  0.311892 0.006777
0.198592  0.277065 0.005704
0.211394  0.234706 0.006185
0.223941  0.211714 0.006144
0.236184  0.188694 0.005290
0.249785  0.153967 0.005228
0.264324  0.121719 0.005823
0.275202  0.090396 0.005571
0.287440  0.065252 0.004789
0.300749  0.034060 0.004930
0.314045  0.037784 0.004561
0.326278  0.026819 0.004865
0.337151  0.016680 0.004784
0.352043 -0.000895 0.004435
0.364273 -0.005520 0.004773
0.376517  0.002981 0.004458
0.390759 -0.002635 0.005115
0.402302 -0.000664 0.005361
0.414546  0.038490 0.005195
0.427422  0.021051 0.005367
0.440212  0.018784 0.004922
0.452457  0.039334 0.004554
0.466063  0.045181 0.004677
0.480425  0.070353 0.005595
0.491309  0.120402 0.005930
0.503537  0.107709 0.005249
0.517058  0.131060 0.005898
0.529204  0.151079 0.005756
0.541432  0.175549 0.005076
0.553666  0.198102 0.005841
0.567128  0.242838 0.006727
0.579365  0.270745 0.006799
0.864557  0.009972 0.007436
0.875431  0.015101 0.005681
0.889030  0.016785 0.005661
0.902614  0.015993 0.006378
0.914824  0.020546 0.006218
0.927066  0.016544 0.005589
0.939771  0.023455 0.006880
0.952327  0.036030 0.006449
0.965926  0.064444 0.006659
0.978167  0.073101 0.005537
0.990779  0.094084 0.007312
0.002512  0.097083 0.005365
0.016119  0.128367 0.006038
0.029021  0.146502 0.006899
0.041883  0.184041 0.006732
0.055030  0.213197 0.007949
0.067724  0.222844 0.006237
0.081272  0.271603 0.008930
0.092147  0.305177 0.006319
0.105746  0.346063 0.006502
0.117337  0.375894 0.008782
0.129609  0.399194 0.006699
0.143214  0.411561 0.006868
0.155454  0.394613 0.007436
0.169029  0.362531 0.007502
0.181267  0.333661 0.006049
0.193506  0.293296 0.006530
0.205465  0.257356 0.006204
0.218765  0.225103 0.005571
0.232370  0.183843 0.005279
0.243250  0.159769 0.007037
0.256708  0.137960 0.005247
0.270305  0.111180 0.005129
0.282541  0.082250 0.005548
0.295158  0.058321 0.005200
0.307969  0.038164 0.004735
0.321573  0.025143 0.004307
0.333314  0.024354 0.005557
0.345901  0.007125 0.004435
0.359504  0.001707 0.003984
0.371736 -0.004569 0.004401
0.384727 -0.008755 0.004870
0.396965 -0.001490 0.004204
0.410562  0.013063 0.004573
0.423351  0.016550 0.006000
0.435186  0.019547 0.004630
0.448787  0.039059 0.004510
0.459657  0.041267 0.005753
0.472743  0.058550 0.004598
0.487020  0.081413 0.005431
0.498580  0.093235 0.005227
0.511528  0.138677 0.006317
0.524445  0.136827 0.004899
0.536685  0.160966 0.005657
0.548096  0.198323 0.005975
0.561924  0.234163 0.005413
0.576885  0.259126 0.005942
0.587768  0.301048 0.006075
0.599863  0.353200 0.008815
0.852083 -0.000400 0.012400
0.858868  0.018694 0.006802
0.871111  0.023689 0.006071
0.884716  0.023334 0.006320
0.898172  0.008230 0.007237
0.909051  0.000734 0.005237
0.922654  0.019491 0.005374
0.935963  0.023623 0.006231
0.947901  0.028517 0.006020
0.960155  0.042862 0.005340
0.972409  0.052565 0.006105
0.985414  0.070540 0.006512
0.997652  0.094018 0.005568
0.011253  0.114168 0.005820
0.025429  0.182213 0.006662
0.036948  0.156997 0.006204
0.049191  0.192433 0.005736
0.061956  0.223739 0.006389
0.074437  0.273131 0.006794
0.086676  0.296540 0.006411
0.100275  0.335598 0.006378
0.114622  0.385988 0.007063
0.125501  0.426053 0.007199
0.137744  0.422486 0.006606
0.151049  0.412404 0.007546
0.164350  0.385814 0.006611
0.176603  0.336821 0.006692
0.187492  0.308090 0.006569
0.201411  0.268958 0.006283
0.213648  0.230332 0.005676
0.227252  0.178567 0.005094
0.239994  0.143274 0.006600
0.251796  0.126235 0.004853
0.265396  0.106676 0.004642
0.278189  0.090883 0.005167
0.290733  0.078066 0.005377
0.302973  0.060787 0.004824
0.316577  0.044101 0.004561
0.329961  0.025936 0.005693
0.340835  0.004104 0.004269
0.354438  0.002875 0.004477
0.367791  0.009012 0.004778
0.379775  0.000373 0.004829
0.392023  0.004251 0.004199
0.404271  0.000093 0.004380
0.417814  0.010547 0.004443
0.430052  0.026115 0.004203
0.443649  0.031980 0.004129
0.456377  0.046618 0.005444
0.468170  0.079590 0.004645
0.481769  0.089984 0.004535
0.492646  0.098093 0.005862
0.506093  0.112982 0.004456
0.519689  0.135449 0.004831
0.531936  0.152552 0.005732
0.544742  0.184935 0.006147
0.557618  0.207617 0.005183
0.571213  0.242481 0.005300
0.582957  0.276552 0.006787
0.595544  0.318275 0.005533
0.609151  0.361444 0.005835
0.621391  0.380650 0.007067
0.634400  0.398350 0.007091
0.646636  0.392068 0.006781
0.656155  0.381769 0.011489
0.924353  0.012571 0.006908
0.937954  0.025623 0.006879
0.950189  0.029006 0.007776
0.962677  0.023020 0.006719
0.975445  0.050592 0.006298
0.989043  0.066142 0.006449
0.002348  0.096718 0.007519
0.014286  0.102784 0.006920
0.026536  0.131962 0.006135
0.038785  0.142533 0.006871
0.051789  0.174675 0.006885
0.064023  0.218348 0.006440
0.077628  0.248120 0.006260
0.091469  0.298032 0.007462
0.102874  0.332179 0.007774
0.115128  0.363414 0.006995
0.127898  0.391562 0.007333
0.141713  0.400207 0.007035
0.153962  0.417416 0.008026
0.166201  0.375382 0.006598
0.180568  0.356168 0.007343
0.192808  0.310928 0.006366
0.205047  0.281796 0.007231
0.216981  0.227247 0.006683
0.230263  0.198623 0.005955
0.242507  0.172443 0.006344
0.253387  0.147951 0.006610
0.268182  0.117578 0.005542
0.281780  0.081339 0.005352
0.294021  0.070549 0.006020
0.307190  0.042364 0.005670
0.318822  0.032923 0.005740
0.331075  0.015189 0.004827
0.344009  0.001153 0.005142
0.356960  0.013222 0.005259
0.369199  0.003570 0.004658
0.383483 -0.006827 0.004959
0.396447 -0.010436 0.005401
0.407321  0.003372 0.004275
0.420919 -0.008140 0.004659
0.434224  0.016567 0.004618
0.446158  0.033884 0.005207
0.458400  0.046088 0.004548
0.470638  0.054050 0.005374
0.484983  0.081200 0.004710
0.497219  0.105155 0.005442
0.509457  0.123932 0.004830
0.523298  0.154245 0.006017
0.534706  0.163374 0.005935
0.546947  0.192419 0.005155
0.559829  0.215955 0.006066
0.573976  0.275424 0.006205
0.586213  0.276549 0.005853
0.598458  0.323976 0.005802
0.613269  0.360846 0.007166
0.624146  0.368741 0.006816
0.636381  0.395609 0.006435
0.649898  0.382274 0.007256
0.662039  0.365023 0.007136
0.674281  0.343695 0.005969
0.686519  0.329815 0.006555
0.700887  0.272452 0.005832
0.713114  0.250762 0.006953
0.957493  0.028100 0.006055
0.971089  0.041073 0.006084
0.984687  0.064972 0.006057
0.997700  0.078621 0.007520
0.008577  0.115928 0.005811
0.022179  0.118732 0.005733
0.033949  0.163134 0.007162
0.046611  0.181085 0.005845
0.060216  0.157964 0.005664
0.072461  0.256081 0.006832
0.085457  0.281397 0.007321
0.097690  0.321463 0.006592
0.111296  0.366278 0.006690
0.123901  0.388041 0.008808
0.135633  0.419396 0.007340
0.149238  0.411876 0.007518
0.160115  0.393596 0.009292
0.173554  0.356465 0.007069
0.187142  0.318784 0.006190
0.200737  0.274180 0.006037
0.214180  0.231886 0.007427
0.225054  0.194452 0.005808
0.238656  0.156276 0.005704
0.250488  0.110745 0.007065
0.263252  0.091132 0.005118
0.276853  0.067725 0.005201
0.289094  0.057960 0.006139
0.302109  0.051251 0.005433
0.314350  0.021421 0.004684
0.326594  0.016217 0.004886
0.338539  0.004345 0.004669
0.351838 -0.006611 0.004357
0.365444  0.003149 0.004313
0.376320 -0.006912 0.005580
0.519806  0.133893 0.005797
0.530686  0.154651 0.005709
0.542926  0.178867 0.005328
0.556230  0.209142 0.005872
0.568168  0.229289 0.006052
0.580408  0.271880 0.005394
0.592652  0.311434 0.006222
0.606100  0.354593 0.007076
0.618337  0.379299 0.006457
0.631931  0.394762 0.006566
0.646119  0.390640 0.007098
0.657637  0.381315 0.006433
0.669880  0.371555 0.005701
0.682757  0.340404 0.006566
0.695545  0.307117 0.006684
0.707785  0.267932 0.005843
0.721382  0.225010 0.006028
0.734841  0.197452 0.007338
0.745721  0.133857 0.005792
0.759316  0.148890 0.006938
0.024124  0.145430 0.006479
0.037726  0.154440 0.006283
0.049963  0.190612 0.007152
0.062450  0.229915 0.007235
0.075895  0.245097 0.006831
0.088817  0.285282 0.006688
0.100556  0.320487 0.008320
0.113136  0.357147 0.007110
0.126742  0.397213 0.006981
0.137622  0.409791 0.009323
0.149267  0.393300 0.011172
0.165128  0.398579 0.008597
0.177823  0.326786 0.006462
0.190427  0.298372 0.008264
0.202161  0.288283 0.006281
0.215766  0.246605 0.005851
0.228534  0.217815 0.006577
0.240996  0.169239 0.005930
0.253239  0.141526 0.005112
0.266843  0.115938 0.005222
0.281305  0.091466 0.005423
0.292184  0.077371 0.005808
0.304427  0.068160 0.004977
0.317779  0.045920 0.005427
0.329765  0.031184 0.005373
0.342009  0.019981 0.004694
0.354247  0.013250 0.005082
0.367534 -0.006245 0.004926
0.379772 -0.000591 0.004205
0.393376 -0.001447 0.004187
0.407217  0.003967 0.004840
0.418620 -0.004390 0.004398
0.430864  0.016820 0.004204
0.443748  0.032831 0.005078
0.456559  0.080823 0.005174
0.468805  0.047984 0.004117
0.482403  0.062888 0.004254
0.496773  0.078088 0.005136
0.507652  0.105264 0.005098
0.519893  0.104454 0.004643
0.533562  0.151979 0.005122
0.545864  0.184085 0.005343
0.558107  0.210769 0.004762
0.570345  0.216385 0.005528
0.583864  0.304389 0.006244
0.596101  0.315730 0.006000
0.609698  0.350511 0.006066
0.623540  0.396786 0.006754
0.634941  0.386152 0.006158
0.647184  0.393521 0.005633
0.659949  0.382830 0.005805
0.673763  0.357723 0.005604
0.686012  0.321054 0.006025
0.698250  0.293216 0.005113
0.712708  0.263886 0.005944
0.723590  0.213793 0.005759
0.735829  0.192375 0.004893
0.749126  0.166098 0.006431
0.762425  0.139050 0.004726
0.774667  0.128020 0.005137
0.785543  0.105742 0.005138
0.800328  0.078259 0.004773
0.812560  0.061921 0.006012
0.820721  0.058163 0.009295
0.057606  0.223943 0.006651
0.071208  0.243766 0.006869
0.083445  0.298203 0.007629
0.096266  0.325153 0.007508
0.109144  0.340196 0.006917
0.121387  0.384281 0.007700
0.132906  0.395560 0.007475
0.147064  0.408691 0.007582
0.160667  0.391474 0.006465
0.172915  0.371022 0.007695
0.185920  0.320954 0.006692
0.198160  0.274520 0.005879
0.210409  0.255231 0.006346
0.222363  0.231222 0.007859
0.235662  0.178179 0.005620
0.249268  0.152502 0.005390
0.262040  0.124499 0.005532
0.274515  0.127414 0.005992
0.286757  0.094449 0.004884
0.300356  0.077182 0.005603
0.313371  0.048455 0.006378
0.324245  0.032744 0.005088
0.337831  0.013501 0.004910
0.349642  0.005526 0.006281
0.362356  0.012682 0.005806
0.375960  0.004615 0.005061
0.388206  0.009854 0.005470
0.401210  0.002820 0.005195
0.413448  0.011690 0.004430
0.427047  0.010325 0.004164
0.439715  0.019066 0.005523
0.451478  0.046638 0.004897
0.465081  0.052591 0.004651
0.477907  0.079201 0.005175
0.490516  0.078055 0.005346
0.502751  0.110917 0.005444
0.516349  0.116636 0.005789
0.529791  0.131694 0.005847
0.540665  0.161180 0.005270
0.554263  0.203345 0.005217
0.565892  0.236323 0.007362
0.578244  0.278598 0.005737
0.591846  0.241546 0.005441
0.604091  0.340262 0.006646
0.617610  0.372280 0.007011
0.629847  0.392778 0.007239
0.643447  0.361746 0.006215
0.655746  0.400137 0.007837
0.667319  0.370600 0.005933
0.680920  0.332999 0.005429
0.693691  0.309466 0.005870
0.706162  0.282434 0.006661
0.718401  0.248738 0.005921
0.732002  0.202768 0.005320
0.746366  0.175593 0.005493
0.757243  0.158016 0.007198
0.769471  0.133249 0.005250
0.782996  0.109507 0.005471
0.795158  0.081615 0.005062
0.807398  0.077898 0.004526
0.819635  0.056432 0.005017
0.834001  0.040971 0.004719
0.846236  0.027308 0.005482
0.855754  0.009398 0.006834
0.176568  0.357475 0.008899
0.188811  0.325944 0.007058
0.201059  0.291081 0.007289
0.212998  0.250642 0.007251
0.226297  0.217601 0.005998
0.238541  0.198625 0.006690
0.249421  0.164654 0.006871
0.263867  0.122534 0.005284
0.277464  0.093828 0.005055
0.289693  0.066825 0.005544
0.302497  0.057509 0.005748
0.315374  0.048252 0.004950
0.327610  0.036628 0.005639
0.339039  0.029428 0.005675
0.352882  0.007970 0.004935
0.366486  0.004962 0.004434
0.378721 -0.004435 0.004965
0.391735 -0.011522 0.005181
0.403973 -0.005115 0.004729
0.417577  0.000757 0.004630
0.430479  0.005930 0.006989
0.442362  0.019925 0.004478
0.454603  0.036935 0.005089
0.465487  0.049061 0.005094
0.479850  0.071913 0.004484
0.493449  0.091051 0.004503
0.505691  0.108045 0.004997
0.518858  0.132578 0.005396
0.531853  0.128607 0.004562
0.544093  0.169599 0.005280
0.555537  0.202765 0.005405
0.569433  0.226849 0.004735
0.581678  0.262791 0.005788
0.593925  0.299993 0.005736
0.608908  0.319264 0.006312
0.619787  0.360459 0.006751
0.632028  0.380145 0.006028
0.645379  0.396930 0.006702
0.658724  0.384160 0.006214
0.670966  0.368321 0.006911
0.681850  0.338456 0.006146
0.696212  0.302606 0.005653
0.709809  0.238403 0.005071
0.722032  0.223227 0.005202
0.734516  0.193591 0.005235
0.747280  0.169109 0.004839
0.760881  0.148140 0.004741
0.772654  0.122289 0.006058
0.785307  0.098268 0.004611
0.798913  0.077599 0.004807
0.811147  0.070307 0.005223
0.824689  0.047627 0.005548
0.836925  0.042574 0.004578
0.849167  0.013397 0.004833
0.861332  0.013002 0.004949
0.874851  0.006121 0.004229
0.887093 -0.001615 0.004950
0.897970 -0.002287 0.004588
0.911399 -0.002122 0.005097
0.219893  0.177074 0.011573
0.229062  0.162304 0.008609
0.241748  0.122483 0.008182
0.251463  0.125800 0.011025
0.383418 -0.003425 0.004991
0.395107 -0.001595 0.004849
0.407819 -0.003746 0.004914
0.421066  0.014321 0.006516
0.431504  0.017145 0.005512
0.444002  0.045655 0.005580
0.456970  0.062864 0.006086
0.471799  0.066623 0.007130
0.483426  0.068476 0.005822
0.496620  0.112498 0.005807
0.509487  0.118171 0.006217
0.523350  0.124299 0.006738
0.533921  0.148692 0.005972
0.546602  0.170433 0.005640
0.559236  0.213029 0.005861
0.572428  0.249589 0.005652
0.585198  0.274224 0.005453
0.596752  0.314050 0.006704
0.673634  0.347264 0.005593
0.686143  0.307868 0.006210
0.700268  0.252964 0.005590
0.712780  0.250310 0.005505
0.724508  0.217816 0.005433
0.738285  0.175327 0.004736
0.750960  0.119518 0.004356
0.763554  0.122964 0.004920
0.776174  0.098117 0.005052
0.788528  0.073835 0.005113
0.801168  0.054222 0.005257
0.814484  0.045406 0.005090
0.826847  0.034333 0.005465
0.839693  0.029776 0.005427
0.849501  0.020536 0.007975
0.908530  0.008700 0.010100
0.915402  0.008851 0.005546
0.928275 -0.014658 0.003974
0.940152  0.025438 0.005310
0.953764  0.030396 0.004026
0.961990  0.060700 0.011100
0.426082  0.044932 0.009660
0.438330  0.020929 0.010149
0.451427  0.044406 0.008934
0.463917  0.065143 0.008088
0.476121  0.079575 0.008981
0.489372  0.104773 0.008013
0.501965  0.127926 0.008695
0.511825  0.145946 0.010648
0.581199  0.281840 0.013234
0.591178  0.323189 0.010059
0.604386  0.363250 0.010541
0.615719  0.370603 0.012425
0.680576  0.363510 0.010195
0.693353  0.321249 0.009439
0.706174  0.291717 0.009564
0.720108  0.249118 0.010143
0.812613  0.070100 0.018600
0.819821  0.062309 0.007372
0.832390  0.049293 0.006480
0.845099  0.041140 0.006471
0.857903  0.007810 0.005865
0.870925  0.020747 0.006501
0.883974  0.007063 0.008315
0.895967  0.005622 0.007372
0.908432  0.013426 0.008418
0.920937  0.028419 0.007535
0.935334  0.014026 0.007352
0.946730  0.039562 0.010040
0.958261  0.039875 0.006911
0.969786  0.057342 0.008347
0.984151  0.065616 0.007684
0.076623  0.307292 0.007282
0.087212  0.331850 0.006712
0.098633  0.375812 0.007666
0.111853  0.398612 0.008656
0.123744  0.427126 0.010150
0.136293  0.418152 0.012994
0.307326  0.084547 0.017720
0.319344  0.047922 0.020952
0.331517  0.027628 0.018976
0.344698  0.051822 0.021700
0.357379  0.037550 0.018717
0.370967  0.015980 0.019559
0.384096  0.000813 0.022860
0.398244  0.061806 0.024040
0.408164  0.052587 0.022461
0.419616  0.041685 0.018219
0.433654  0.020744 0.019361
0.447008  0.051862 0.018053
0.459776  0.064356 0.014863
0.471588  0.092214 0.017563
0.484222  0.106686 0.016527
0.496427  0.110343 0.014006
0.507122  0.128940 0.017715
0.521958  0.156669 0.013017
0.534910  0.193913 0.014582
0.545128  0.203077 0.019333
0.615516  0.369468 0.022336
0.623863  0.366747 0.017249
0.636947  0.400952 0.018534
0.646575  0.406919 0.019715
0.662001  0.402358 0.016520
0.672341  0.303462 0.021878
0.482607  0.071165 0.015176
0.493168  0.100741 0.012672
0.505716  0.109350 0.010885
0.517828  0.123316 0.011777
0.529598  0.178620 0.009680
0.542465  0.216749 0.009454
0.556281  0.265869 0.011717
0.568946  0.282247 0.011382
0.580993  0.340943 0.013017
0.589566  0.397550 0.019233
0.661212  0.420418 0.027365
0.670912  0.359430 0.015362
0.683519  0.357567 0.014594
0.695088  0.320629 0.016520
0.709180  0.289503 0.013327
0.720809  0.245042 0.013484
0.732676  0.208231 0.011170
0.744778  0.191944 0.012181
0.757855  0.148295 0.011069
0.770858  0.148801 0.011594
0.782862  0.124065 0.012320
0.798775  0.081896 0.011452
0.810020  0.095716 0.011541
0.823476  0.062147 0.010039
0.831217  0.086000 0.021500
0.888542  0.028683 0.010355
0.899240  0.022316 0.008668
0.910813  0.047507 0.010483
0.924754  0.038042 0.008764
0.937558  0.039466 0.009649
0.948974  0.047469 0.010622
0.962640  0.069416 0.012079
0.974530  0.070868 0.011796
0.987016  0.105175 0.012671
0.998369  0.113733 0.014821
0.012460  0.143372 0.014040
0.025631  0.156333 0.013424
0.038535  0.182429 0.014203
0.049424  0.214181 0.015256
0.107126  0.374296 0.025172
0.115456  0.383918 0.016003
0.127643  0.441073 0.015839
0.140326  0.169307 0.013453
0.153778  0.384281 0.014560
0.166258  0.357540 0.017651
0.175078  0.345608 0.022715
0.190009  0.274826 0.014180
0.199685  0.228620 0.022179
0.911542  0.005682 0.017498
0.920215  0.029957 0.010064
0.932925  0.065433 0.010753
0.945962  0.081537 0.012933
0.957470  0.054755 0.013679
0.969544  0.104021 0.014684
0.983023  0.131106 0.015787
0.995019  0.125844 0.014746
0.007205  0.212152 0.017107
0.019978  0.169335 0.015090
0.034032  0.169145 0.019586
0.045513  0.278624 0.019193
0.058582  0.268350 0.026587
0.071286  0.294549 0.018071
0.085690  0.335392 0.019069
0.098264  0.363237 0.017232
0.111118  0.415116 0.018970
0.118332  0.456900 0.039300
0.165264  0.405400 0.036900
0.172632  0.367947 0.015726
0.185792  0.262561 0.015335
0.198659  0.252439 0.016579
0.211747  0.248354 0.020320
0.222943  0.250856 0.018222
0.236092  0.182591 0.018488
0.368316  0.079692 0.022961
0.384568  0.032076 0.016033
0.393372  0.043550 0.012441
0.405233  0.077116 0.015712
0.417738  0.063112 0.013152
0.429387  0.082618 0.014884
0.443466  0.097054 0.015181
0.455597  0.128296 0.016530
0.468238  0.152102 0.016681
0.479668  0.162400 0.019137
0.494348  0.183300 0.016414
0.506925  0.196465 0.019340
0.515478  0.214000 0.031500
0.533425  0.184278 0.019995
0.545715  0.233002 0.016736
0.558607  0.270916 0.013952
0.571607  0.297000 0.031800
0.583577  0.348981 0.014479
0.594276  0.360027 0.018120
0.609313  0.403385 0.016907
0.622447  0.461483 0.016788
0.635636  0.450606 0.016818
0.646986  0.414059 0.021320
0.723579  0.282444 0.015725
0.736311  0.227365 0.015126
0.748520  0.237497 0.015233
0.760850  0.180871 0.015058
0.775205  0.190625 0.014677
0.788470  0.081176 0.015252
0.800093  0.150487 0.016017
0.812896  0.120014 0.014451
0.824579  0.081999 0.012747
0.837872  0.099994 0.013117
0.851927  0.070342 0.014254
0.401647  0.019496 0.016055
0.413430  0.013740 0.009533
0.425540  0.030309 0.011499
0.439529  0.054910 0.012208
0.451902  0.087699 0.016516
0.462670  0.117727 0.017864
0.476562  0.116104 0.016960
0.488929  0.094704 0.017695
0.501764  0.146292 0.017396
0.511613  0.137661 0.024580
0.527386  0.237991 0.026270
0.545136  0.231600 0.040800
0.552843  0.226566 0.020741
0.563247  0.269547 0.023091
0.578493  0.317819 0.021287
0.591621  0.351301 0.020301
0.603451  0.370204 0.018869
0.616748  0.409554 0.017856
0.629670  0.427533 0.018866
0.642108  0.412369 0.022027
0.654433  0.390846 0.018470
0.667951  0.345389 0.016814
0.679597  0.345118 0.022641
0.693370  0.290211 0.018213
0.706282  0.290031 0.018139
0.719402  0.227307 0.016157
0.731055  0.203195 0.019489
0.745328  0.186427 0.015660
0.758271  0.179927 0.015477
0.770747  0.156583 0.014594
0.781253  0.151565 0.017961
0.795407  0.154347 0.014852
0.807694  0.098759 0.014469
0.819523  0.080508 0.012798
0.834101  0.071619 0.012035
0.846120  0.044963 0.011621
0.857910  0.049607 0.010227
0.871295  0.011322 0.010204
0.883621  0.010827 0.009889
0.897636  0.021007 0.011594
0.908872  0.028212 0.010837
0.922612  0.008688 0.010344
0.934611  0.031576 0.009743
0.947350  0.031507 0.009584
0.960773  0.068898 0.011092
0.973286  0.090579 0.010413
0.984957  0.088118 0.009599
0.998650  0.120026 0.008497
0.010836  0.136440 0.009693
0.023261  0.169367 0.010831
0.036740  0.236965 0.013638
0.049646  0.225565 0.011265
0.063411  0.272947 0.012578
0.076313  0.291085 0.014682
0.088632  0.354380 0.013185
0.100135  0.373647 0.017315
0.111565  0.403833 0.015341
0.125765  0.423782 0.016885
0.139289  0.436271 0.018150
0.151906  0.422459 0.017083
0.163594  0.394510 0.019641
0.176163  0.351511 0.016170
0.188243  0.330557 0.015030
0.200415  0.267764 0.015902
0.214037  0.198288 0.013616
0.227222  0.190013 0.013778
0.239586  0.194065 0.014448
0.252681  0.151488 0.015644
0.264852  0.118432 0.014106
0.277622  0.098742 0.014862
0.290188  0.069409 0.016408
0.303897  0.079068 0.015303
0.312143  0.054000 0.033700
0.438037  0.057995 0.012477
0.447608  0.047059 0.005795
0.460333  0.063404 0.006095
0.473188  0.086155 0.006534
0.486104  0.103457 0.007649
0.497308  0.127653 0.010352
0.510185  0.136541 0.009374
0.522730  0.160503 0.010406
0.535722  0.194324 0.010004
0.547279  0.205833 0.012163
0.561317  0.248256 0.011107
0.574107  0.269075 0.011298
0.586343  0.313790 0.011565
0.598418  0.335203 0.012736
0.611881  0.351398 0.011047
0.625083  0.400360 0.011123
0.638047  0.391579 0.012162
0.650885  0.406311 0.011838
0.662935  0.375964 0.012932
0.675822  0.347426 0.011914
0.689487  0.307190 0.011588
0.702119  0.259874 0.012328
0.712667  0.219352 0.013660
0.726681  0.189706 0.011398
0.739700  0.175172 0.010482
0.752869  0.155634 0.010232
0.764489  0.155747 0.011498
0.778640  0.112881 0.010063
0.791407  0.114737 0.009912
0.804194  0.093723 0.010651
0.816043  0.078751 0.009134
0.828920  0.073879 0.009384
0.840983  0.060303 0.008955
0.853994  0.055298 0.009054
0.867701  0.033376 0.009254
0.879383  0.024665 0.007600
0.892649  0.016669 0.007348
0.905256  0.014475 0.008890
0.917237  0.015718 0.007645
0.929856  0.031065 0.009325
0.941019  0.026069 0.008983
0.955490  0.027023 0.007680
0.968509  0.052026 0.008388
0.980827  0.067564 0.008682
0.994475  0.116992 0.009624
0.006332  0.145060 0.008509
0.018310  0.145125 0.008743
0.031744  0.186566 0.008873
0.044398  0.224955 0.010731
0.056248  0.259944 0.010969
0.070214  0.303179 0.011185
0.083544  0.353674 0.011858
0.096062  0.373563 0.011312
0.109453  0.403659 0.013698
0.122014  0.403910 0.011901
0.133535  0.423704 0.014641
0.144832  0.424984 0.012856
0.158556  0.440405 0.012965
0.171448  0.396036 0.013524
0.183656  0.351300 0.012376
0.196626  0.288122 0.011288
0.209789  0.241909 0.010615
0.221682  0.195103 0.009457
0.234268  0.159298 0.010034
0.247992  0.134613 0.009287
0.260526  0.086612 0.010272
0.272187  0.090690 0.009928
0.286048  0.074710 0.011414
0.298531  0.068057 0.011553
0.311520  0.043489 0.011646
0.324166  0.057599 0.015412
0.469594  0.074175 0.012991
0.480300  0.087366 0.007243
0.493387  0.101966 0.006957
0.506771  0.129552 0.007266
0.518771  0.151777 0.007185
0.530286  0.193028 0.007581
0.544938  0.201568 0.008097
0.557795  0.234306 0.008882
0.569277  0.249746 0.011033
0.580954  0.303312 0.010818
0.594888  0.338930 0.013362
0.607409  0.346649 0.010950
0.620762  0.383869 0.013647
0.632512  0.368720 0.012273
0.645776  0.382165 0.010547
0.658562  0.357123 0.009761
0.671217  0.332904 0.010482
0.683953  0.295503 0.009196
0.696295  0.273678 0.009861
0.708441  0.229212 0.010626
0.721648  0.173456 0.008830
0.734570  0.171540 0.010510
0.746794  0.161949 0.009221
0.760611  0.125087 0.011190
0.772104  0.121352 0.009705
0.785406  0.095284 0.010366
0.798732  0.088275 0.009298
0.812734  0.080259 0.011278
0.823717  0.076516 0.009922
0.835808  0.062718 0.009870
0.847403  0.025813 0.009137
0.862200  0.020866 0.007908
0.875428  0.017392 0.007154
0.887075 -0.009631 0.008170
0.900304 -0.006438 0.007582
0.912463 -0.008037 0.007546
0.924510  0.012683 0.007092
0.938042  0.012658 0.008301
0.950354  0.020110 0.007673
0.962935  0.019941 0.007082
0.975352  0.034795 0.008156
0.989428  0.068808 0.008244
0.002079  0.087643 0.008526
0.013936  0.109739 0.008675
0.027159  0.129482 0.007554
0.038804  0.170786 0.007671
0.050891  0.216980 0.008748
0.064404  0.253172 0.008658
0.502561  0.133680 0.009248
0.513384  0.138599 0.006610
0.525606  0.174906 0.006463
0.539321  0.186152 0.006302
0.551722  0.222416 0.006846
0.563577  0.258957 0.007150
0.577438  0.281762 0.008708
0.588695  0.316588 0.007685
0.601855  0.345197 0.007619
0.615012  0.367358 0.007614
0.628794  0.377055 0.008968
0.641086  0.388207 0.007548
0.654151  0.401260 0.008900
0.665394  0.377602 0.009326
0.679069  0.345491 0.007338
0.691495  0.302971 0.007752
0.704273  0.262762 0.007329
0.719272  0.208896 0.009999
0.729797  0.177043 0.007155
0.742741  0.139301 0.008832
0.754619  0.128875 0.006691
0.767935  0.103791 0.007613
0.780448  0.095009 0.007220
0.794314  0.073207 0.008367
0.805780  0.070099 0.007256
0.819040  0.058490 0.007015
0.832204  0.053166 0.007043
0.846051  0.034097 0.008078
0.856891  0.027921 0.006886
0.870297  0.015286 0.008198
0.881661  0.020894 0.008294
0.894729  0.015024 0.006522
0.907832  0.009051 0.006714
0.920756  0.006456 0.005823
0.934468  0.012488 0.007018
0.946371  0.015874 0.006378
0.958547  0.037327 0.006739
0.970722  0.048958 0.007098
0.984410  0.060280 0.006869
0.996897  0.070931 0.007636
0.007755  0.097338 0.007539
0.021797  0.117166 0.006885
0.031771  0.139580 0.009352
0.101105  0.386410 0.013633
0.110066  0.395607 0.008796
0.122936  0.404044 0.009973
0.136482  0.418656 0.010399
0.148951  0.388606 0.009409
0.161872  0.375063 0.009615
0.174432  0.333684 0.011334
0.188018  0.298142 0.008846
0.200961  0.278956 0.008509
0.213396  0.252547 0.008606
0.224573  0.208371 0.011026
0.237198  0.179161 0.008188
0.250962  0.143694 0.007582
0.263004  0.099974 0.008468
0.275435  0.084830 0.007100
0.288430  0.055349 0.007077
0.302139  0.024323 0.007406
0.314193  0.031289 0.008322
0.326566  0.013843 0.007506
0.338325  0.004796 0.009409
0.351577 -0.004370 0.008256
0.364533 -0.000795 0.008785
0.377734  0.008358 0.008725
0.389337  0.023525 0.010484
0.403810  0.004018 0.010113
0.411755  0.013900 0.026000
0.533956  0.192546 0.008679
0.547264  0.212646 0.006436
0.560243  0.237705 0.007423
0.573071  0.286901 0.007050
0.585883  0.320222 0.007837
0.598048  0.345708 0.007985
0.611676  0.374868 0.009457
0.623193  0.383946 0.008025
0.636453  0.384727 0.008179
0.649490  0.394739 0.008226
0.663105  0.384884 0.009613
0.673582  0.352305 0.007989
0.686281  0.343596 0.007367
0.698547  0.292459 0.007565
0.711837  0.271750 0.005901
0.725071  0.224350 0.006037
0.737963  0.176350 0.006415
0.749906  0.132526 0.006409
0.761850  0.114171 0.006177
0.774646  0.096720 0.007347
0.788496  0.080260 0.006456
0.802119  0.074862 0.007030
0.814836  0.048469 0.006631
0.829415  0.023292 0.007644
0.839369  0.028265 0.007235
0.851113  0.016942 0.006671
0.864169  0.010350 0.006266
0.877103 -0.005597 0.007138
0.890165  0.009375 0.005462
0.903285  0.001863 0.006343
0.914465  0.007431 0.006108
0.929225  0.018694 0.006048
0.940930  0.011899 0.006347
0.952548  0.030965 0.005909
0.966329  0.036694 0.005985
0.979037  0.047815 0.005560
0.991311  0.057738 0.006463
0.003001  0.087299 0.006548
0.017272  0.114906 0.006318
0.029640  0.155615 0.006991
0.041628  0.155452 0.006328
0.056749  0.205634 0.006394
0.068517  0.235546 0.006754
0.079594  0.286100 0.007600
0.093009  0.309360 0.006364
0.105816  0.368363 0.006582
0.118863  0.342475 0.006847
0.132240  0.404878 0.007826
0.144068  0.399604 0.009285
0.155412  0.377733 0.008913
0.169971  0.347093 0.009345
0.182718  0.300186 0.008229
0.195799  0.245176 0.008238
0.207351  0.239714 0.008901
0.221184  0.199004 0.007446
0.233870  0.190046 0.007367
0.245983  0.161212 0.007415
0.257911  0.137102 0.007972
0.271245  0.115037 0.007055
0.284306  0.091021 0.006455
0.297247  0.062619 0.007577
0.309220  0.042966 0.007530
0.321524  0.034769 0.006884
0.334601  0.005588 0.007706
0.347599  0.003098 0.007065
0.359901  0.006793 0.008885
0.372529  0.011358 0.008074
0.386803  0.004898 0.008896
0.398300  0.005460 0.008113
0.411573  0.003177 0.008037
0.424709  0.009777 0.008726
0.438298  0.035704 0.010292
0.445992  0.138484 0.016627
0.591427  0.346603 0.021174
0.600264  0.364646 0.008455
0.613221  0.381060 0.008297
0.625756  0.396111 0.009087
0.637948  0.386766 0.009271
0.651420  0.398236 0.008319
0.665666  0.352782 0.008290
0.679750  0.318738 0.009043
0.689667  0.322102 0.009775
0.701151  0.277793 0.008162
0.713978  0.243708 0.007604
0.728400  0.225184 0.007517
0.740553  0.191198 0.007891
0.752508  0.163656 0.005819
0.765427  0.135922 0.005558
0.778769  0.111424 0.005098
0.791566  0.081814 0.004873
0.805082  0.056797 0.004995
0.817314  0.034372 0.004686
0.830262  0.026126 0.004739
0.842926  0.020358 0.005908
0.854156  0.006941 0.004946
0.865095  0.008023 0.006109
0.881341  0.011313 0.005978
0.893567 -0.006495 0.006081
0.906333  0.010747 0.005206
0.919437  0.008620 0.005358
0.932211  0.019739 0.005612
0.944726  0.028300 0.006538
0.955879  0.032098 0.006288
0.968610  0.053930 0.005477
0.980846  0.068241 0.006238
0.995288  0.080296 0.005533
0.008243  0.101802 0.005318
0.021296  0.125924 0.007051
0.032676  0.151424 0.006260
0.045603  0.171649 0.005818
0.058043  0.209020 0.006993
0.069667  0.220088 0.007142
0.083589  0.259858 0.006204
0.096860  0.302978 0.006298
0.108281  0.294737 0.007432
0.122016  0.390355 0.007167
0.135325  0.411921 0.006973
0.147669  0.405587 0.007435
0.160428  0.378795 0.006601
0.172649  0.334977 0.006987
0.184345  0.298725 0.007894
0.197063  0.253570 0.006874
0.209787  0.210222 0.006983
0.221889  0.182788 0.006716
0.237082  0.150035 0.006248
0.250164  0.133126 0.006417
0.261699  0.128463 0.007332
0.273084  0.111663 0.006136
0.288208  0.077039 0.006362
0.300309  0.077167 0.006611
0.313054  0.051680 0.006274
0.326030  0.030923 0.006611
0.337823  0.029605 0.005958
0.350020  0.013337 0.005238
0.362878  0.005745 0.005806
0.624390  0.414499 0.017341
0.633391  0.391993 0.007714
0.646653  0.389742 0.007561
0.659712  0.381337 0.008304
0.672384  0.323741 0.008018
0.684661  0.331147 0.008147
0.697368  0.283893 0.007453
0.710863  0.234903 0.008328
0.723410  0.214416 0.006979
0.736394  0.199328 0.006819
0.748957  0.181661 0.007064
0.760995  0.157261 0.008633
0.772850  0.121928 0.006459
0.785667  0.107333 0.006071
0.798238  0.095244 0.006058
0.811584  0.070087 0.005457
0.824525  0.048618 0.005026
0.838364  0.029279 0.005437
0.850962  0.019600 0.005207
0.862932  0.012536 0.005362
0.873904 -0.001732 0.006477
0.888067 -0.006180 0.004848
0.900806  0.006984 0.006147
0.910630  0.004459 0.006214
0.924607  0.003668 0.006274
0.936259  0.030814 0.006207
0.952554  0.102122 0.006487
0.963604  0.044947 0.005725
0.977139  0.063025 0.005544
0.990058  0.076045 0.005839
0.002512  0.092692 0.005270
0.014529  0.119249 0.005761
0.028466  0.138732 0.005792
0.041471  0.143306 0.005230
0.053279  0.192243 0.006360
0.065709  0.217631 0.006121
0.078562  0.266350 0.005817
0.091001  0.299385 0.007215
0.102576  0.336827 0.007304
0.116376  0.368466 0.006632
0.129345  0.395576 0.006733
0.142018  0.424766 0.007215
0.155014  0.413357 0.007169
0.166952  0.377046 0.005990
0.180397  0.313592 0.005414
0.192938  0.272791 0.006033
0.205613  0.219222 0.005056
0.219668  0.185568 0.006834
0.231178  0.143516 0.006954
0.242862  0.116869 0.006420
0.255228  0.103679 0.006262
0.270639  0.106156 0.006478
0.282147  0.072115 0.007222
0.293693  0.061197 0.005910
0.306733  0.043583 0.006099
0.320585 -0.090762 0.006214
0.332331  0.009315 0.005733
0.345991  0.009849 0.006244
0.358259  0.001640 0.006654
0.370705  0.004192 0.005666
0.383764 -0.008198 0.005635
0.397029 -0.013472 0.005841
0.408769  0.000663 0.005929
0.421231  0.014149 0.006256
0.435485  0.025940 0.007353
0.447981  0.044453 0.006852
0.460399  0.056392 0.007231
0.473331  0.070745 0.006935
0.487480  0.080073 0.008417
0.499035  0.100681 0.007434
0.512051  0.113486 0.007514
0.524672  0.145586 0.008254
0.537451  0.164868 0.010863
0.547220  0.174837 0.011182
0.696554  0.267550 0.010819
0.705523  0.256107 0.007352
0.718126  0.213622 0.006998
0.731193  0.212611 0.007423
0.744510  0.172580 0.007919
0.756876  0.150932 0.007224
0.769676  0.128231 0.006935
0.778959  0.132365 0.010254
0.837442  0.038600 0.013600
0.844924  0.026173 0.005150
0.857967  0.012338 0.004983
0.871787  0.004398 0.005589
0.883154  0.010077 0.005278
0.895422  0.010378 0.005678
0.908332  0.020034 0.005677
0.921949  0.010975 0.005518
0.934946  0.030137 0.005857
0.946689  0.032438 0.006234
0.957690  0.041797 0.006533
0.971275  0.058909 0.005607
0.984138  0.075249 0.005875
0.996585  0.085911 0.005884
0.009692  0.104514 0.005939
0.023650  0.130341 0.005660
0.035942  0.140630 0.006242
0.046527  0.161008 0.006411
0.060875  0.205463 0.005498
0.073895  0.229776 0.005704
0.087124  0.270267 0.006035
0.100590  0.314555 0.007923
0.111567  0.360834 0.007450
0.125341  0.395264 0.007028
0.137001  0.405568 0.008986
0.149056  0.412520 0.006802
0.162932  0.402686 0.006444
0.175172  0.363789 0.007823
0.187577  0.311132 0.005923
0.200329  0.260260 0.005390
0.213066  0.215226 0.005619
0.226044  0.174209 0.005104
0.239178  0.140838 0.005637
0.249288  0.120783 0.008657
0.690092  0.322052 0.015210
0.699755  0.272329 0.008682
0.712826  0.239197 0.008006
0.724908  0.189834 0.009336
0.738629  0.178228 0.007462
0.752839  0.174958 0.008459
0.764142  0.135540 0.009383
0.774887  0.137525 0.009294
0.788043  0.096296 0.007751
0.800788  0.099347 0.007455
0.814443  0.074506 0.006723
0.828811  0.054772 0.007365
0.840968  0.003059 0.006758
0.852863  0.043352 0.006541
0.865171  0.024278 0.006158
0.877795  0.008294 0.005141
0.891065  0.008069 0.005381
0.904820  0.003604 0.005771
0.916618  0.023322 0.005238
0.929391  0.022526 0.005503
0.940792  0.035041 0.006427
0.953560  0.046008 0.005492
0.966600  0.047991 0.005446
0.979625  0.073327 0.005564
0.992148  0.082967 0.006813
0.005568  0.108986 0.005919
0.018283  0.122957 0.006443
0.030562  0.138651 0.006099
0.043725  0.174425 0.006799
0.056326  0.195214 0.006870
0.068448  0.229781 0.006170
0.080272  0.243098 0.007008
0.094090  0.293142 0.006504
0.107188  0.341906 0.007013
0.120537  0.393211 0.007125
0.133990  0.436450 0.010617
0.144998  0.422943 0.007674
0.158679  0.403517 0.007575
0.171775  0.374371 0.007985
0.184341  0.336415 0.007037
0.194163  0.315177 0.009790
0.479049  0.118761 0.008699
0.488682  0.098472 0.007542
0.500773  0.111134 0.008727
0.512556  0.122654 0.007892
0.525438  0.155396 0.008041
0.538627  0.190442 0.008685
0.552298  0.212758 0.011323
0.564768  0.212820 0.010278
0.577514  0.248800 0.010183
0.589461  0.277872 0.010310
0.602274  0.340926 0.011461
0.613149  0.355304 0.013259
0.722749  0.221642 0.011347
0.732757  0.193740 0.007384
0.746153  0.163011 0.006807
0.758665  0.139487 0.008387
0.771363  0.126532 0.007374
0.784192  0.099840 0.007037
0.797316  0.083345 0.006717
0.809679  0.068501 0.007460
0.822666  0.052172 0.006356
0.835154  0.047192 0.006536
0.848432  0.029757 0.006000
0.862325  0.026666 0.006395
0.874049  0.010968 0.005613
0.886521  0.014167 0.005146
0.899684  0.008946 0.005506
0.911935  0.019026 0.005190
0.924513  0.014159 0.005226
0.937670  0.035714 0.005680
0.949866  0.034345 0.005471
0.962902  0.053870 0.006137
0.974461  0.068269 0.007101
0.987307  0.077461 0.006256
0.000423  0.105639 0.006068
0.013680  0.127866 0.006290
0.026276  0.151363 0.007574
0.039683  0.180029 0.006781
0.052207  0.186586 0.006925
0.064254  0.216969 0.007255
0.076912  0.254977 0.007778
0.090394  0.298710 0.006918
0.102375  0.326644 0.007560
0.112766  0.353619 0.007332
0.126706  0.376019 0.006982
0.139898  0.391825 0.006822
0.153359  0.419006 0.007411
0.167993  0.388614 0.008757
0.178947  0.352030 0.008031
0.191170  0.307354 0.006964
0.204182  0.274304 0.007359
0.216622  0.238636 0.006368
0.229691  0.199973 0.005831
0.241957  0.169787 0.006894
0.254703  0.127174 0.004825
0.267379  0.091066 0.005287
0.279787  0.071264 0.005321
0.292026  0.057356 0.005229
0.300942  0.062175 0.008835
