2450053.4277	1	0.00000
2450057.3603	1	0.00000
2450069.4096	2   0.00000
2450080.4772	1   0.00000
2450116.3858	1   0.00000
2450130.4065	2   0.00000
2453662.2684	1   0.00010
2453662.5172	2   0.00200
2454749.2991	1   0.00060
2454800.7044	2   0.00000
2455469.9016	1   0.00000
2455478.5025	2   0.00410
2455903.7220	1   0.00000
2457673.2190	2	0.00023
2457673.4639	1   0.00043
2457673.4657	1   0.00079
2457673.2196	2   0.00027
2457673.2181	2   0.00016
2457673.4633	1   0.00053
2457674.4495	1   0.00027
2457674.4494	1   0.00026
2457674.4493	1   0.00035
2457674.2035	2   0.00021
2457674.2036	2   0.00015
2457674.2035	2   0.00020
2457677.1565	2   0.00025
2457677.1555	2   0.00029
2457677.1561	2   0.00050
2457677.4001	1   0.00040
2457677.4002	1   0.00035
2457677.3997	1   0.00021
2457678.1392	2   0.00020
2457678.1394	2   0.00038
2457678.1395	2   0.00026
2456619.1430	2   0.00024
2456620.1275	2   0.00033
2456621.1139	2   0.00062
2456910.3187	2   0.00031
2456916.2291	2   0.00020
2456917.4619 	1	0.00020
2456983.3729 	1	0.00030