2.457673053079999983e+06 1.290965275850339822e-01 5.630000000000023874e-01 7.399999999999984368e-01
2.457673055850000121e+06 1.347279826907197275e-01 5.679999999999996163e-01 7.480000000000011084e-01
2.457673062789999880e+06 1.488371145098881243e-01 5.889999999999986358e-01 7.520000000000024443e-01
2.457673064830000047e+06 1.529844678618701437e-01 5.909999999999993037e-01 7.450000000000009948e-01
2.457673066800000146e+06 1.569895099439690966e-01 5.969999999999995310e-01 7.400000000000019895e-01
2.457673068800000008e+06 1.610555420293167117e-01 5.969999999999995310e-01 7.469999999999998863e-01
2.457673070669999812e+06 1.648572818919546989e-01 6.009999999999990905e-01 7.379999999999995453e-01
2.457673072649999987e+06 1.688826542908827832e-01 6.029999999999997584e-01 7.300000000000004263e-01
2.457673074519999791e+06 1.726843941532933968e-01 6.109999999999988773e-01 7.480000000000011084e-01
2.457673076400000136e+06 1.765064652793171263e-01 6.069999999999993179e-01 7.429999999999985505e-01
2.457673078259999864e+06 1.802878748253533558e-01 6.200000000000009948e-01 7.309999999999980957e-01
2.457673080130000133e+06 1.840896156345479540e-01 6.209999999999986642e-01 7.450000000000009948e-01
2.457673081989999861e+06 1.878710251803568099e-01 6.220000000000016627e-01 7.479999999999975557e-01
2.457673083870000206e+06 1.916930963063805393e-01 6.300000000000007816e-01 7.399999999999984368e-01
2.457673085729999933e+06 1.954745058524167689e-01 6.250000000000000000e-01 7.330000000000005400e-01
2.457673087569999974e+06 1.992152557115787204e-01 6.140000000000007674e-01 7.349999999999994316e-01
2.457673089410000015e+06 2.029560055709680455e-01 6.289999999999995595e-01 7.360000000000006537e-01
2.457673091250000056e+06 2.066967554303573706e-01 6.239999999999987779e-01 7.199999999999988631e-01
2.457673092920000199e+06 2.100918927471866482e-01 6.180000000000003268e-01 7.500000000000000000e-01
2.457673094909999985e+06 2.141375945159325056e-01 6.199999999999992184e-01 7.300000000000004263e-01
2.457673096750000026e+06 2.178783443753218307e-01 6.179999999999985505e-01 7.430000000000021032e-01
2.457673098559999838e+06 2.215581032846785092e-01 6.250000000000000000e-01 7.469999999999998863e-01
2.457673100349999964e+06 2.251972025076156569e-01 5.999999999999996447e-01 7.530000000000001137e-01
2.457673102049999870e+06 2.286533298276935966e-01 6.100000000000012079e-01 7.439999999999997726e-01
2.457673103769999929e+06 2.321501177807476779e-01 6.249999999999982236e-01 7.280000000000015348e-01
2.457673105599999893e+06 2.358705373235352454e-01 6.210000000000004405e-01 7.409999999999996589e-01
2.457673107419999782e+06 2.395706265497210552e-01 6.180000000000003268e-01 7.519999999999988916e-01
2.457673109240000136e+06 2.432707167224634759e-01 6.089999999999999858e-01 7.420000000000008811e-01
2.457673111060000025e+06 2.469708059486492857e-01 6.150000000000002132e-01 7.330000000000005400e-01
2.457673112840000074e+06 2.505895748547573021e-01 6.080000000000005400e-01 7.390000000000007674e-01
2.457673114639999811e+06 2.542490034477395966e-01 6.099999999999994316e-01 7.540000000000013358e-01
2.457673116460000165e+06 2.579490936204820173e-01 5.999999999999978684e-01 7.460000000000022169e-01
2.457673118290000129e+06 2.616695131632695848e-01 5.949999999999988631e-01 7.579999999999991189e-01
2.457673120010000188e+06 2.651663011163236661e-01 5.930000000000017479e-01 7.379999999999995453e-01
2.457673121789999772e+06 2.687850690761024453e-01 5.830000000000019611e-01 7.509999999999976694e-01
2.457673123610000126e+06 2.724851592488448659e-01 5.910000000000010800e-01 7.560000000000002274e-01
2.457673125430000015e+06 2.761852484750306758e-01 5.810000000000012932e-01 7.609999999999992326e-01
2.457673141420000233e+06 3.086931776815617923e-01 5.489999999999994884e-01 7.520000000000024443e-01
2.457673145060000010e+06 3.160933561337060382e-01 5.329999999999976978e-01 7.540000000000013358e-01
2.457673146860000212e+06 3.197527856732449436e-01 5.270000000000010232e-01 7.439999999999997726e-01
2.457673148690000176e+06 3.234732052160325111e-01 5.040000000000013358e-01 7.449999999999974420e-01
2.457673150409999769e+06 3.269699922225299815e-01 5.090000000000021174e-01 7.509999999999976694e-01
2.457673152199999895e+06 3.306090914454671292e-01 5.049999999999990052e-01 7.349999999999994316e-01
2.457673154019999783e+06 3.343091806716529391e-01 4.940000000000015490e-01 7.500000000000000000e-01
2.457673155819999985e+06 3.379686102111918444e-01 4.820000000000010942e-01 7.379999999999995453e-01
2.457673157639999874e+06 3.416686994371502806e-01 4.880000000000013216e-01 7.500000000000000000e-01
2.457673159479999915e+06 3.454094492965396057e-01 4.729999999999989768e-01 7.489999999999987779e-01
2.457673161259999964e+06 3.490282182028749958e-01 4.469999999999991758e-01 7.480000000000011084e-01
2.457673163000000175e+06 3.525656667893599661e-01 4.669999999999987494e-01 7.270000000000003126e-01
2.457673164869999979e+06 3.563674066519979533e-01 4.530000000000011795e-01 7.530000000000001137e-01
2.457673166670000181e+06 3.600268361915368587e-01 4.249999999999989342e-01 7.450000000000009948e-01
2.457673168490000069e+06 3.637269254174952948e-01 4.210000000000011511e-01 7.459999999999986642e-01
2.457673170299999882e+06 3.674066843270793470e-01 4.000000000000003553e-01 7.439999999999997726e-01
2.457673172110000160e+06 3.710864441832200100e-01 4.019999999999992468e-01 7.480000000000011084e-01
2.457673173909999896e+06 3.747458727759749308e-01 3.850000000000015632e-01 7.639999999999993463e-01
2.457673175729999784e+06 3.784459620021607407e-01 3.990000000000009095e-01 7.419999999999973284e-01
2.457673177550000139e+06 3.821460521749031614e-01 3.749999999999982236e-01 7.400000000000019895e-01
2.457673179349999875e+06 3.858054807678854559e-01 3.639999999999989910e-01 7.459999999999986642e-01
2.457673181179999840e+06 3.895259003104456497e-01 3.579999999999987637e-01 7.360000000000006537e-01
2.457673182990000118e+06 3.932056601668136864e-01 3.469999999999977547e-01 7.410000000000032117e-01
2.457673184789999854e+06 3.968650887595686072e-01 3.279999999999994031e-01 7.530000000000001137e-01
2.457673186610000208e+06 4.005651789323110279e-01 3.180000000000013927e-01 7.390000000000007674e-01
2.457673188389999792e+06 4.041839468918624334e-01 3.180000000000013927e-01 7.390000000000007674e-01
2.457673190220000222e+06 4.079043673814339854e-01 2.989999999999994884e-01 7.330000000000005400e-01
2.457673192139999941e+06 4.118077578805241501e-01 2.869999999999990337e-01 7.580000000000026716e-01
2.457673193950000219e+06 4.154875177366648131e-01 2.729999999999996874e-01 7.579999999999991189e-01
2.457673195780000184e+06 4.192079372794523806e-01 2.730000000000014637e-01 7.479999999999975557e-01
2.457673197600000072e+06 4.229080265054108168e-01 2.569999999999978968e-01 7.520000000000024443e-01
2.457673199419999961e+06 4.266081157315966266e-01 2.569999999999996732e-01 7.570000000000014495e-01
2.457673201220000163e+06 4.302675452711355319e-01 2.499999999999982236e-01 7.650000000000005684e-01
2.457673203019999899e+06 4.339269738638904528e-01 2.100000000000008527e-01 7.609999999999992326e-01
2.457673204830000177e+06 4.376067337202584895e-01 2.200000000000006395e-01 7.479999999999975557e-01
2.457673206629999913e+06 4.412661623130134103e-01 2.150000000000016342e-01 7.699999999999995737e-01
2.457673208430000115e+06 4.449255918525523157e-01 2.080000000000001847e-01 7.519999999999988916e-01
2.457673210250000004e+06 4.486256810787381255e-01 2.059999999999995168e-01 7.620000000000004547e-01
2.457673256819999777e+06 5.433032442506373627e-01 3.700000000000009948e-01 7.459999999999986642e-01
2.457673258729999885e+06 5.471863053796823806e-01 3.790000000000013358e-01 7.449999999999974420e-01
2.457673260549999774e+06 5.508863946058681904e-01 3.810000000000002274e-01 7.510000000000012221e-01
2.457673262370000128e+06 5.545864847786106111e-01 3.940000000000001279e-01 7.530000000000001137e-01
2.457673264190000016e+06 5.582865740047964209e-01 4.090000000000006963e-01 7.349999999999994316e-01
2.457673266009999905e+06 5.619866632309822307e-01 4.100000000000019185e-01 7.439999999999997726e-01
2.457673267839999869e+06 5.657070827735424245e-01 4.219999999999988205e-01 7.310000000000016485e-01
2.457673269580000080e+06 5.692445313600273948e-01 4.280000000000008242e-01 7.339999999999982094e-01
2.457673271490000188e+06 5.731275924892997864e-01 4.230000000000018190e-01 7.479999999999975557e-01
2.457673273310000077e+06 5.768276817152582225e-01 4.379999999999988347e-01 7.400000000000019895e-01
2.457673275030000135e+06 5.803244696685396775e-01 4.550000000000000711e-01 7.379999999999995453e-01
2.457673276930000167e+06 5.841872004809829377e-01 4.459999999999997300e-01 7.500000000000000000e-01
2.457673278909999877e+06 5.882125719331270375e-01 4.649999999999998579e-01 7.400000000000019895e-01
2.457673280650000088e+06 5.917500205196120078e-01 4.630000000000009663e-01 7.480000000000011084e-01
2.457673282449999824e+06 5.954094491123669286e-01 4.839999999999982094e-01 7.490000000000023306e-01
2.457673286119999830e+06 6.028706185145438212e-01 4.870000000000000995e-01 7.720000000000020179e-01
2.457673287940000184e+06 6.065707086872862419e-01 4.890000000000025437e-01 7.659999999999982379e-01
2.457673289849999826e+06 6.104537688697746489e-01 5.039999999999995595e-01 7.560000000000002274e-01
2.457673291790000163e+06 6.143978209486249398e-01 5.009999999999994458e-01 7.680000000000006821e-01
2.457673293610000052e+06 6.180979101748107496e-01 5.150000000000005684e-01 7.549999999999990052e-01
2.457673295619999990e+06 6.221842725767601223e-01 5.129999999999999005e-01 7.780000000000022453e-01
2.457673297540000174e+06 6.260876640226342715e-01 5.199999999999977973e-01 7.590000000000003411e-01
2.457673299430000130e+06 6.299300645184757741e-01 5.250000000000003553e-01 7.579999999999991189e-01
2.457673301339999773e+06 6.338131247007368074e-01 5.340000000000006963e-01 7.579999999999991189e-01
2.457673303259999957e+06 6.377165161466109566e-01 5.380000000000002558e-01 7.629999999999981242e-01
2.457673305199999828e+06 6.416605672789046366e-01 5.470000000000005969e-01 7.650000000000005684e-01
2.457673307080000173e+06 6.454826384047009924e-01 5.469999999999988205e-01 7.620000000000004547e-01
2.457673308989999816e+06 6.493656985871893994e-01 5.449999999999981526e-01 7.660000000000017906e-01
2.457673310910000000e+06 6.532690900328361749e-01 5.510000000000019327e-01 7.659999999999982379e-01
2.457673312820000108e+06 6.571521511621085665e-01 5.609999999999981668e-01 7.720000000000020179e-01
2.457673314739999827e+06 6.610555416609713575e-01 5.619999999999993889e-01 7.699999999999995737e-01
2.457673316660000011e+06 6.649589331068455067e-01 5.760000000000005116e-01 7.629999999999981242e-01
2.457673318589999806e+06 6.688826539225374290e-01 5.760000000000005116e-01 7.719999999999984652e-01
2.457673320489999838e+06 6.727453847349806892e-01 5.879999999999991900e-01 7.699999999999995737e-01
2.457673322449999861e+06 6.767300965004778845e-01 5.830000000000019611e-01 7.659999999999982379e-01
2.457673324370000046e+06 6.806334879461246601e-01 5.800000000000000711e-01 7.719999999999984652e-01
2.457673326290000230e+06 6.845368793919988093e-01 5.799999999999982947e-01 7.800000000000011369e-01
2.457673328209999949e+06 6.884402698910889740e-01 5.839999999999996305e-01 7.699999999999995737e-01
2.457673330109999981e+06 6.923030007035322342e-01 5.840000000000014069e-01 7.689999999999983515e-01
2.457673332030000165e+06 6.962063921491790097e-01 5.960000000000000853e-01 7.570000000000014495e-01
2.457673333949999884e+06 7.001097826482691744e-01 6.099999999999994316e-01 7.699999999999995737e-01
2.457673336010000203e+06 7.042977966334547091e-01 6.110000000000006537e-01 7.599999999999980105e-01
2.457673337909999769e+06 7.081605264991139848e-01 6.140000000000007674e-01 7.560000000000002274e-01
2.457673339869999792e+06 7.121452382648385537e-01 5.980000000000007532e-01 7.710000000000007958e-01
2.457673342029999942e+06 7.165365535229284433e-01 6.160000000000014353e-01 7.689999999999983515e-01
2.457673343940000050e+06 7.204196146519734612e-01 6.180000000000003268e-01 7.560000000000002274e-01
2.457673345869999845e+06 7.243433354676653835e-01 6.139999999999989910e-01 7.699999999999995737e-01
2.457673347769999877e+06 7.282060662801086437e-01 6.170000000000008811e-01 7.619999999999969020e-01
2.457673349950000178e+06 7.326380421714020486e-01 6.090000000000017621e-01 7.639999999999993463e-01
2.457673352010000031e+06 7.368260552100309724e-01 6.110000000000006537e-01 7.710000000000007958e-01
2.457673353939999826e+06 7.407497760257228947e-01 6.100000000000012079e-01 7.639999999999993463e-01
2.457673355860000011e+06 7.446531674713696702e-01 5.920000000000005258e-01 7.740000000000009095e-01
2.457673357770000119e+06 7.485362286004146881e-01 6.039999999999992042e-01 7.639999999999993463e-01
2.457673359730000142e+06 7.525209403661392571e-01 6.189999999999997726e-01 7.729999999999996874e-01
2.457673361630000174e+06 7.563836711785825173e-01 5.990000000000001990e-01 7.630000000000016769e-01
2.457673363549999893e+06 7.602870616774453083e-01 6.040000000000009805e-01 7.689999999999983515e-01
2.457673365460000001e+06 7.641701228067176999e-01 5.939999999999994174e-01 7.660000000000017906e-01
2.457673367380000185e+06 7.680735142523644754e-01 6.020000000000003126e-01 7.609999999999992326e-01
2.457673369299999904e+06 7.719769047514546401e-01 6.030000000000015348e-01 7.599999999999980105e-01
2.457673371220000088e+06 7.758802961971014156e-01 5.929999999999999716e-01 7.759999999999998010e-01
2.457673373139999807e+06 7.797836866961915803e-01 5.850000000000008527e-01 7.579999999999991189e-01
2.457673375070000067e+06 7.837074084584401135e-01 6.139999999999989910e-01 7.510000000000012221e-01
2.457673376989999786e+06 7.876107989575302781e-01 5.969999999999995310e-01 7.519999999999988916e-01
2.457673379009999800e+06 7.917174916763087822e-01 5.849999999999990763e-01 7.500000000000000000e-01
2.457673380929999985e+06 7.956208831219555577e-01 5.899999999999998579e-01 7.549999999999990052e-01
2.457673382869999856e+06 7.995649342542492377e-01 5.929999999999999716e-01 7.500000000000000000e-01
2.457673384779999964e+06 8.034479953832942556e-01 5.840000000000014069e-01 7.639999999999993463e-01
2.457673386710000224e+06 8.073717171457701625e-01 5.639999999999982805e-01 7.660000000000017906e-01
2.457673388640000019e+06 8.112954379614620848e-01 5.590000000000010516e-01 7.609999999999992326e-01
2.457673390529999975e+06 8.151378384573035873e-01 5.509999999999983800e-01 7.620000000000004547e-01
2.457673392450000159e+06 8.190412299029503629e-01 5.389999999999997016e-01 7.530000000000001137e-01
2.457673394359999802e+06 8.229242900854387699e-01 5.470000000000005969e-01 7.519999999999988916e-01
2.457673396279999986e+06 8.268276815310855454e-01 5.500000000000007105e-01 7.469999999999998863e-01
2.457673398200000171e+06 8.307310729769596946e-01 5.320000000000018048e-01 7.689999999999983515e-01
2.457673400220000185e+06 8.348377656955108250e-01 4.999999999999982236e-01 7.660000000000017906e-01
2.457673402230000123e+06 8.389241280974601978e-01 4.960000000000004405e-01 7.820000000000000284e-01
2.457673404149999842e+06 8.428275185965503624e-01 5.230000000000014637e-01 7.609999999999992326e-01
2.457673406080000103e+06 8.467512403590262693e-01 4.840000000000017621e-01 7.680000000000006821e-01
2.457673408009999897e+06 8.506749611747181916e-01 4.810000000000016485e-01 7.650000000000005684e-01
2.457673409930000082e+06 8.545783526203649672e-01 4.870000000000000995e-01 7.650000000000005684e-01
2.457673411859999876e+06 8.585020734360568895e-01 4.629999999999991900e-01 7.640000000000028990e-01
2.457673413780000061e+06 8.624054648817036650e-01 4.700000000000006395e-01 7.590000000000003411e-01
2.457673415690000169e+06 8.662885260107486829e-01 4.550000000000000711e-01 7.650000000000005684e-01
2.457673417599999812e+06 8.701715861932370899e-01 4.619999999999997442e-01 7.360000000000006537e-01
2.457673419509999920e+06 8.740546473222821078e-01 4.509999999999987352e-01 7.409999999999996589e-01
2.457673421420000028e+06 8.779377084515544993e-01 4.440000000000008384e-01 7.390000000000007674e-01
2.457673423340000212e+06 8.818410998972012749e-01 4.399999999999995026e-01 7.439999999999997726e-01
2.457673425259999931e+06 8.857444903962914395e-01 4.220000000000005969e-01 7.319999999999993179e-01
2.457673427720000036e+06 8.907457104198783782e-01 3.940000000000019043e-01 7.399999999999984368e-01
2.457673422629999928e+06 8.803976578299170797e-01 3.900000000000005684e-01 7.369999999999983231e-01
2.457673441699999850e+06 9.191672762776761374e-01 3.190000000000008384e-01 7.360000000000006537e-01
2.457673443620000035e+06 9.230706677235502866e-01 3.109999999999999432e-01 7.439999999999997726e-01
2.457673445549999829e+06 9.269943885390148353e-01 2.860000000000013642e-01 7.369999999999983231e-01
2.457673447439999785e+06 9.308367890348563378e-01 2.769999999999992468e-01 7.399999999999984368e-01
2.457673449349999893e+06 9.347198501641287294e-01 2.620000000000004547e-01 7.379999999999995453e-01
2.457673451260000002e+06 9.386029112931737473e-01 2.370000000000018758e-01 7.469999999999998863e-01
2.457673453170000110e+06 9.424859724222187651e-01 2.309999999999998721e-01 7.489999999999987779e-01
2.457673455070000142e+06 9.463487032346620254e-01 2.199999999999988631e-01 7.379999999999995453e-01
2.457673456999999937e+06 9.502724240503539477e-01 2.220000000000013074e-01 7.369999999999983231e-01
2.457673458889999893e+06 9.541148245461954502e-01 2.170000000000005258e-01 7.429999999999985505e-01
2.457673460800000001e+06 9.579978856752404681e-01 2.059999999999995168e-01 7.399999999999984368e-01
2.457673462799999863e+06 9.620639177608154569e-01 2.019999999999981810e-01 7.390000000000007674e-01
2.457673464819999877e+06 9.661706104793665872e-01 2.089999999999996305e-01 7.249999999999978684e-01
2.457673466760000214e+06 9.701146625584442518e-01 1.920000000000001705e-01 7.489999999999987779e-01
2.457673468679999933e+06 9.740180530575344164e-01 2.149999999999998579e-01 7.409999999999996589e-01
2.457673470579999965e+06 9.778807838699776767e-01 2.170000000000023022e-01 7.409999999999996589e-01
2.457673472500000149e+06 9.817841753156244522e-01 2.249999999999978684e-01 7.469999999999998863e-01
2.457674058029999956e+06 1.721761404442077037e-01 6.229999999999993321e-01 7.450000000000009948e-01
2.457674061379999854e+06 1.789867444476840319e-01 6.259999999999994458e-01 7.469999999999998863e-01
2.457674063440000173e+06 1.831747584328695666e-01 6.219999999999981100e-01 7.460000000000022169e-01
2.457674065380000044e+06 1.871188095651632466e-01 6.290000000000013358e-01 7.409999999999996589e-01
2.457674067309999838e+06 1.910425303808551689e-01 6.239999999999987779e-01 7.480000000000011084e-01
2.457674069250000175e+06 1.949865824597054598e-01 6.229999999999993321e-01 7.420000000000008811e-01
2.457674071210000198e+06 1.989712942254300287e-01 6.240000000000005542e-01 7.459999999999986642e-01
2.457674073139999993e+06 2.028950150411219511e-01 6.250000000000000000e-01 7.439999999999997726e-01
2.457674075050000101e+06 2.067780761701669690e-01 6.150000000000002132e-01 7.519999999999988916e-01
2.457674077000000048e+06 2.107424576190624066e-01 6.179999999999985505e-01 7.480000000000011084e-01
2.457674078910000157e+06 2.146255187481074245e-01 6.229999999999993321e-01 7.420000000000008811e-01
2.457674080850000028e+06 2.185695698804011045e-01 6.190000000000015490e-01 7.519999999999988916e-01
2.457674082760000136e+06 2.224526310096734960e-01 6.330000000000008953e-01 7.399999999999984368e-01
2.457674084669999778e+06 2.263356911919345293e-01 6.200000000000009948e-01 7.530000000000001137e-01
2.457674086600000039e+06 2.302594129544104362e-01 6.180000000000003268e-01 7.579999999999991189e-01
2.457674088520000223e+06 2.341628044000572118e-01 6.219999999999998863e-01 7.399999999999984368e-01
2.457674090369999874e+06 2.379238836294916837e-01 6.249999999999982236e-01 7.540000000000013358e-01
2.457674092379999813e+06 2.420102460314410564e-01 6.190000000000015490e-01 7.519999999999988916e-01
2.457674094299999997e+06 2.459136374770878319e-01 6.159999999999996589e-01 7.450000000000009948e-01
2.457674096100000199e+06 2.495730670166267373e-01 6.089999999999999858e-01 7.510000000000012221e-01
2.457674097930000164e+06 2.532934865594143048e-01 6.010000000000026432e-01 7.479999999999975557e-01
2.457674099859999958e+06 2.572172073751062271e-01 6.019999999999985363e-01 7.460000000000022169e-01
2.457674101819999982e+06 2.612019191406034224e-01 5.969999999999995310e-01 7.330000000000005400e-01
2.457674103740000166e+06 2.651053105864775716e-01 5.910000000000010800e-01 7.530000000000001137e-01
2.457674105570000131e+06 2.688257301290377654e-01 5.889999999999986358e-01 7.570000000000014495e-01
2.457674107479999773e+06 2.727087903115261724e-01 5.849999999999990763e-01 7.420000000000008811e-01
2.457674109410000034e+06 2.766325120740020793e-01 5.830000000000019611e-01 7.389999999999972147e-01
2.457674111159999855e+06 2.801902900303048227e-01 5.719999999999991758e-01 7.540000000000013358e-01
2.457674113049999811e+06 2.840326905261463253e-01 5.720000000000009521e-01 7.339999999999982094e-01
2.457674114899999928e+06 2.877937707021374081e-01 5.690000000000008384e-01 7.419999999999973284e-01
2.457674116719999816e+06 2.914938599283232179e-01 5.520000000000013785e-01 7.509999999999976694e-01
2.457674118549999781e+06 2.952142794708834117e-01 5.609999999999999432e-01 7.510000000000012221e-01
2.457674120500000194e+06 2.991786618665628339e-01 5.500000000000007105e-01 7.489999999999987779e-01
2.457674116090000141e+06 2.902130603940804576e-01 5.510000000000001563e-01 7.469999999999998863e-01
2.457674130350000225e+06 3.192038713309557352e-01 5.190000000000001279e-01 7.459999999999986642e-01
2.457674132300000172e+06 3.231682527798511728e-01 5.119999999999986784e-01 7.409999999999996589e-01
2.457674134120000061e+06 3.268683420060369826e-01 5.099999999999997868e-01 7.409999999999996589e-01
2.457674136220000219e+06 3.311376763110729371e-01 4.979999999999993321e-01 7.500000000000000000e-01
2.457674138129999861e+06 3.350207364933339704e-01 4.880000000000013216e-01 7.569999999999978968e-01
2.457674140199999791e+06 3.392290798485646519e-01 4.829999999999987637e-01 7.320000000000028706e-01
2.457674142020000145e+06 3.429291700213070726e-01 4.679999999999981952e-01 7.490000000000023306e-01
2.457674143929999787e+06 3.468122302037954796e-01 4.580000000000019611e-01 7.549999999999990052e-01
2.457674145760000218e+06 3.505326506931396580e-01 4.740000000000001990e-01 7.360000000000006537e-01
2.457674147690000013e+06 3.544563715088315803e-01 4.470000000000009521e-01 7.439999999999997726e-01
2.457674149509999901e+06 3.581564607350173901e-01 4.489999999999998437e-01 7.579999999999991189e-01
2.457674151440000162e+06 3.620801824972659233e-01 4.349999999999987210e-01 7.530000000000001137e-01
2.457674153280000202e+06 3.658209323566552484e-01 4.299999999999997158e-01 7.540000000000013358e-01
2.457674155329999980e+06 3.699886150784550409e-01 4.250000000000007105e-01 7.560000000000002274e-01
2.457674157219999935e+06 3.738310155742965435e-01 4.160000000000003695e-01 7.530000000000001137e-01
2.457674159039999824e+06 3.775311048004823533e-01 4.150000000000009237e-01 7.309999999999980957e-01
2.457674160980000161e+06 3.814751568795600178e-01 4.000000000000003553e-01 7.450000000000009948e-01
2.457674162899999879e+06 3.853785473784228088e-01 3.940000000000019043e-01 7.429999999999985505e-01
2.457674164809999987e+06 3.892616085076952004e-01 3.840000000000003411e-01 7.450000000000009948e-01
2.457674166629999876e+06 3.929616977336536365e-01 3.629999999999995453e-01 7.530000000000001137e-01
2.457674168529999908e+06 3.968244285460968968e-01 3.460000000000000853e-01 7.639999999999993463e-01
2.457674170429999940e+06 4.006871593587675306e-01 3.419999999999987494e-01 7.510000000000012221e-01
2.457674172329999972e+06 4.045498901712107909e-01 3.300000000000000711e-01 7.480000000000011084e-01
2.457674174240000080e+06 4.084329513002558087e-01 3.229999999999986215e-01 7.580000000000026716e-01
2.457674176070000045e+06 4.121533708430433762e-01 3.120000000000011653e-01 7.379999999999995453e-01
2.457674177889999934e+06 4.158534600690018124e-01 2.929999999999992610e-01 7.520000000000024443e-01
2.457674179729999974e+06 4.195942099283911375e-01 2.780000000000004690e-01 7.450000000000009948e-01
2.457674181609999854e+06 4.234162801076308824e-01 2.850000000000001421e-01 7.530000000000001137e-01
2.457674183550000191e+06 4.273603321867085469e-01 2.610000000000010090e-01 7.399999999999984368e-01
2.457674185339999851e+06 4.309994304628617101e-01 2.530000000000001137e-01 7.530000000000001137e-01
2.457674187169999816e+06 4.347198500056492776e-01 2.430000000000003268e-01 7.480000000000011084e-01
2.457674188999999780e+06 4.384402695484368451e-01 2.469999999999998863e-01 7.409999999999996589e-01
2.457674190909999888e+06 4.423233306774818629e-01 2.339999999999999858e-01 7.459999999999986642e-01
2.457674192729999777e+06 4.460234199036676728e-01 2.390000000000007674e-01 7.489999999999987779e-01
2.457674194689999800e+06 4.500081316691648681e-01 2.210000000000000853e-01 7.450000000000009948e-01
2.457674196589999832e+06 4.538708624816081283e-01 2.109999999999985221e-01 7.500000000000000000e-01
2.457674198520000093e+06 4.577945842440840352e-01 2.179999999999999716e-01 7.420000000000008811e-01
2.457674200339999981e+06 4.614946734700424713e-01 2.129999999999991900e-01 7.380000000000030980e-01
2.457674202149999794e+06 4.651744323796265235e-01 2.099999999999972999e-01 7.660000000000017906e-01
2.457674203999999911e+06 4.689355125556176063e-01 2.070000000000007390e-01 7.360000000000006537e-01
2.457674205800000113e+06 4.725949420951565116e-01 2.059999999999995168e-01 7.530000000000001137e-01
2.457674207620000001e+06 4.762950313211149478e-01 2.140000000000004121e-01 7.409999999999996589e-01
2.457674209540000185e+06 4.801984227669890970e-01 2.090000000000014069e-01 7.539999999999977831e-01
2.457674211480000056e+06 4.841424738992827770e-01 2.119999999999979678e-01 7.490000000000023306e-01
2.457674213279999793e+06 4.878019024920376978e-01 2.189999999999976410e-01 7.520000000000024443e-01
2.457674215119999833e+06 4.915426523514270229e-01 2.270000000000003126e-01 7.489999999999987779e-01
2.457674216949999798e+06 4.952630718942145904e-01 2.359999999999988773e-01 7.469999999999998863e-01
2.457674218770000152e+06 4.989631620669570111e-01 2.439999999999997726e-01 7.459999999999986642e-01
2.457674220600000117e+06 5.026835816097445786e-01 2.409999999999978826e-01 7.540000000000013358e-01
2.457674222440000158e+06 5.064243314691339037e-01 2.680000000000006821e-01 7.459999999999986642e-01
2.457674224239999894e+06 5.100837600618888246e-01 2.670000000000012363e-01 7.509999999999976694e-01
2.457674226069999859e+06 5.138041796046763920e-01 2.780000000000022453e-01 7.399999999999984368e-01
2.457674227919999976e+06 5.175652597806674748e-01 2.889999999999997016e-01 7.430000000000021032e-01
2.457674229820000008e+06 5.214279905931107351e-01 2.999999999999989342e-01 7.480000000000011084e-01
2.457674231740000192e+06 5.253313820389848843e-01 3.019999999999996021e-01 7.560000000000002274e-01
2.457674233560000081e+06 5.290314712649433204e-01 3.290000000000006253e-01 7.560000000000002274e-01
2.457674235549999867e+06 5.330771730339165515e-01 3.239999999999980673e-01 7.650000000000005684e-01
2.457674234240000136e+06 5.304139223824222427e-01 3.649999999999984368e-01 7.520000000000024443e-01
2.457674260569999926e+06 5.839432380480502616e-01 4.560000000000012932e-01 7.489999999999987779e-01
2.457674262399999890e+06 5.876636575906104554e-01 4.649999999999998579e-01 7.400000000000019895e-01
2.457674264210000169e+06 5.913434174469784921e-01 4.809999999999980957e-01 7.409999999999996589e-01
2.457674266050000209e+06 5.950841673063678172e-01 4.870000000000000995e-01 7.409999999999996589e-01
2.457674267969999928e+06 5.989875578052306082e-01 4.839999999999999858e-01 7.469999999999998863e-01
2.457674269789999817e+06 6.026876470314164180e-01 5.000000000000017764e-01 7.479999999999975557e-01
2.457674271619999781e+06 6.064080665742039855e-01 5.150000000000005684e-01 7.390000000000007674e-01
2.457674273450000212e+06 6.101284870635481639e-01 4.980000000000011084e-01 7.500000000000000000e-01
2.457674275270000100e+06 6.138285762897339737e-01 5.129999999999999005e-01 7.489999999999987779e-01
2.457674277100000065e+06 6.175489958325215412e-01 5.169999999999994600e-01 7.469999999999998863e-01
2.457674278950000182e+06 6.213100760085126240e-01 5.140000000000011227e-01 7.530000000000001137e-01
2.457674282610000111e+06 6.287509150938603852e-01 5.469999999999988205e-01 7.400000000000019895e-01
2.457674284430000000e+06 6.324510043200461951e-01 5.339999999999989200e-01 7.500000000000000000e-01
2.457674286270000041e+06 6.361917541794355202e-01 5.409999999999985931e-01 7.420000000000008811e-01
2.457674288110000081e+06 6.399325040388248453e-01 5.429999999999974847e-01 7.570000000000014495e-01
2.457674289929999970e+06 6.436325932650106552e-01 5.529999999999990479e-01 7.370000000000018758e-01
2.457674291759999935e+06 6.473530128075708490e-01 5.509999999999983800e-01 7.590000000000003411e-01
2.457674293599999975e+06 6.510937626669601741e-01 5.649999999999995026e-01 7.400000000000019895e-01
2.457674295409999788e+06 6.547735215765442263e-01 5.710000000000015064e-01 7.519999999999988916e-01
2.457674297249999829e+06 6.585142714359335514e-01 5.739999999999998437e-01 7.530000000000001137e-01
2.457674299070000183e+06 6.622143616086759721e-01 5.679999999999996163e-01 7.390000000000007674e-01
2.457674300890000071e+06 6.659144508348617819e-01 5.779999999999994031e-01 7.530000000000001137e-01
2.457674302730000112e+06 6.696552006942511071e-01 5.849999999999990763e-01 7.489999999999987779e-01
2.457674304560000077e+06 6.733756202368113009e-01 5.809999999999995168e-01 7.540000000000013358e-01
2.457674306400000118e+06 6.771163700962006260e-01 5.859999999999985221e-01 7.420000000000008811e-01
2.457674308209999930e+06 6.807961290057846782e-01 5.990000000000019753e-01 7.459999999999986642e-01
2.457674310029999819e+06 6.844962182319704880e-01 6.019999999999985363e-01 7.430000000000021032e-01
2.457674311869999859e+06 6.882369680913598131e-01 6.050000000000004263e-01 7.500000000000000000e-01
2.457674313690000214e+06 6.919370582641022338e-01 6.059999999999998721e-01 7.409999999999996589e-01
2.457674315520000178e+06 6.956574778068898013e-01 6.050000000000004263e-01 7.519999999999988916e-01
2.457674317350000143e+06 6.993778973494499951e-01 6.099999999999994316e-01 7.489999999999987779e-01
2.457674319190000184e+06 7.031186472088393202e-01 6.129999999999995453e-01 7.530000000000001137e-01
2.457674321030000225e+06 7.068593970682286454e-01 6.219999999999998863e-01 7.339999999999982094e-01
2.457674322840000037e+06 7.105391559778126975e-01 6.220000000000016627e-01 7.439999999999997726e-01
2.457674324659999926e+06 7.142392452037711337e-01 6.180000000000003268e-01 7.450000000000009948e-01
2.457674326489999890e+06 7.179596647465587012e-01 6.110000000000006537e-01 7.609999999999992326e-01
2.457674328309999779e+06 7.216597539727445110e-01 6.210000000000004405e-01 7.459999999999986642e-01
2.457674330169999972e+06 7.254411644653373514e-01 6.099999999999994316e-01 7.469999999999998863e-01
2.457674331970000174e+06 7.291005940048762568e-01 6.140000000000007674e-01 7.389999999999972147e-01
2.457674333790000062e+06 7.328006832310620666e-01 6.160000000000014353e-01 7.530000000000001137e-01
2.457674335620000027e+06 7.365211027738496341e-01 6.159999999999996589e-01 7.549999999999990052e-01
2.457674337460000068e+06 7.402618526332389592e-01 6.110000000000006537e-01 7.570000000000014495e-01
2.457674339279999956e+06 7.439619418591973954e-01 6.219999999999998863e-01 7.429999999999985505e-01
2.457674341119999997e+06 7.477026917185867205e-01 6.080000000000023164e-01 7.479999999999975557e-01
2.457674342939999886e+06 7.514027809447725303e-01 6.179999999999985505e-01 7.409999999999996589e-01
2.457674344779999927e+06 7.551435308041618555e-01 6.109999999999988773e-01 7.490000000000023306e-01
2.457674346599999815e+06 7.588436200301202916e-01 5.999999999999996447e-01 7.480000000000011084e-01
2.457674348420000169e+06 7.625437102030900860e-01 6.099999999999976552e-01 7.490000000000023306e-01
2.457674352070000023e+06 7.699642189718360896e-01 6.030000000000015348e-01 7.390000000000007674e-01
2.457674353899999987e+06 7.736846385146236571e-01 5.879999999999991900e-01 7.540000000000013358e-01
2.457674355729999952e+06 7.774050580574112246e-01 5.880000000000009663e-01 7.569999999999978968e-01
2.457674357559999917e+06 7.811254776001987921e-01 5.850000000000008527e-01 7.560000000000002274e-01
2.457674359379999805e+06 7.848255668261572282e-01 5.990000000000019753e-01 7.429999999999985505e-01
2.457674361239999998e+06 7.886069773187500687e-01 5.869999999999997442e-01 7.390000000000007674e-01
2.457674363040000200e+06 7.922664068585163477e-01 5.759999999999987352e-01 7.390000000000007674e-01
2.457674364879999775e+06 7.960071557711216883e-01 5.779999999999994031e-01 7.409999999999996589e-01
2.457674366700000130e+06 7.997072459438641090e-01 5.839999999999996305e-01 7.430000000000021032e-01
2.457674368530000094e+06 8.034276654866516765e-01 5.620000000000011653e-01 7.519999999999988916e-01
2.457674370370000135e+06 8.071684153460410016e-01 5.660000000000007248e-01 7.560000000000002274e-01
2.457674372270000167e+06 8.110311461584842618e-01 5.640000000000000568e-01 7.480000000000011084e-01
2.457674374100000132e+06 8.147515657012718293e-01 5.449999999999981526e-01 7.490000000000023306e-01
2.457674375920000020e+06 8.184516549272302655e-01 5.329999999999994742e-01 7.490000000000023306e-01
2.457674377549999859e+06 8.217654709774251387e-01 5.389999999999997016e-01 7.530000000000001137e-01
2.457674379569999874e+06 8.258721636962036428e-01 5.280000000000004690e-01 7.489999999999987779e-01
2.457674381399999838e+06 8.295925832389912102e-01 5.100000000000015632e-01 7.539999999999977831e-01
2.457674383220000193e+06 8.332926734117336309e-01 5.170000000000012363e-01 7.590000000000003411e-01
2.457674388799999841e+06 8.446369029961715569e-01 4.960000000000004405e-01 7.449999999999974420e-01
2.457674390610000119e+06 8.483166628525395936e-01 4.859999999999988773e-01 7.500000000000000000e-01
2.457674392440000083e+06 8.520370823950997874e-01 4.779999999999979821e-01 7.430000000000021032e-01
2.457674394290000200e+06 8.557981625710908702e-01 4.670000000000005258e-01 7.409999999999996589e-01
2.457674396100000013e+06 8.594779214806749223e-01 4.740000000000001990e-01 7.429999999999985505e-01
2.457674397929999977e+06 8.631983410234624898e-01 4.569999999999989626e-01 7.510000000000012221e-01
2.457674399619999807e+06 8.666341380267112982e-01 4.460000000000015064e-01 7.539999999999977831e-01
2.457674403489999939e+06 8.745019109212535113e-01 4.329999999999998295e-01 7.430000000000021032e-01
2.457674405329999980e+06 8.782426607806428365e-01 4.190000000000004832e-01 7.459999999999986642e-01
2.457674407159999944e+06 8.819630803234304040e-01 4.100000000000001421e-01 7.480000000000011084e-01
2.457674408989999909e+06 8.856834998662179714e-01 4.119999999999990337e-01 7.439999999999997726e-01
2.457674410819999874e+06 8.894039194090055389e-01 3.900000000000023448e-01 7.509999999999976694e-01
2.457674414570000023e+06 8.970277303974398819e-01 3.579999999999987637e-01 7.600000000000015632e-01
2.457674416300000157e+06 9.005448486673230946e-01 3.560000000000016485e-01 7.549999999999990052e-01
2.457674418120000046e+06 9.042449378932815307e-01 3.440000000000011937e-01 7.459999999999986642e-01
2.457674419950000010e+06 9.079653574360690982e-01 3.309999999999995168e-01 7.390000000000007674e-01
2.457674423609999940e+06 9.154061965216442331e-01 3.099999999999987210e-01 7.439999999999997726e-01
2.457674425449999981e+06 9.191469463810335583e-01 3.040000000000020464e-01 7.329999999999969873e-01
2.457674427039999980e+06 9.223794421113780118e-01 2.859999999999995879e-01 7.480000000000011084e-01
2.457674429099999834e+06 9.265674551497795619e-01 2.819999999999982521e-01 7.470000000000034390e-01
2.457674430939999875e+06 9.303082050091688870e-01 2.650000000000005684e-01 7.439999999999997726e-01
2.457674432769999839e+06 9.340286245519564545e-01 2.539999999999977831e-01 7.500000000000000000e-01
2.457674434590000194e+06 9.377287147246988752e-01 2.289999999999992042e-01 7.520000000000024443e-01
2.457674436439999845e+06 9.414897939541333471e-01 2.280000000000015348e-01 7.459999999999986642e-01
2.457674438250000123e+06 9.451695538102740102e-01 2.300000000000004263e-01 7.409999999999996589e-01
2.457674440080000088e+06 9.488899733530615777e-01 2.099999999999972999e-01 7.469999999999998863e-01
2.457674441910000052e+06 9.526103928956217715e-01 2.130000000000009663e-01 7.479999999999975557e-01
2.457674443750000093e+06 9.563511427550110966e-01 1.910000000000025011e-01 7.389999999999972147e-01
2.457674445569999982e+06 9.600512319811969064e-01 1.950000000000002842e-01 7.469999999999998863e-01
2.457674447399999946e+06 9.637716515239844739e-01 1.769999999999996021e-01 7.620000000000004547e-01
2.457674449239999987e+06 9.675124013833737990e-01 1.920000000000001705e-01 7.369999999999983231e-01
2.457674451080000028e+06 9.712531512427631242e-01 1.859999999999999432e-01 7.530000000000001137e-01
2.457674452909999993e+06 9.749735707853233180e-01 1.650000000000027001e-01 7.590000000000003411e-01
2.457674454760000110e+06 9.787346509615417744e-01 2.040000000000006253e-01 7.450000000000009948e-01
2.457674456590000074e+06 9.824550705041019683e-01 1.860000000000034959e-01 7.569999999999978968e-01
2.457674458399999887e+06 9.861348294136860204e-01 2.139999999999986358e-01 7.450000000000009948e-01
2.457674465720000211e+06 1.016508531392901205e-03 2.530000000000001137e-01 7.389999999999972147e-01
2.457674467569999862e+06 4.777587760599999456e-03 2.750000000000021316e-01 7.259999999999990905e-01
2.457674469380000141e+06 8.457347616740662488e-03 2.720000000000020179e-01 7.399999999999984368e-01
2.457674473019999918e+06 1.585752606911228213e-02 2.989999999999994884e-01 7.360000000000006537e-01
2.457674474849999882e+06 1.957794561167247593e-02 3.189999999999990621e-01 7.379999999999995453e-01
2.457674476689999923e+06 2.331869547106180107e-02 3.290000000000006253e-01 7.420000000000008811e-01
2.457674478500000201e+06 2.699845532742983778e-02 3.479999999999989768e-01 7.379999999999995453e-01
2.457674480330000166e+06 3.071887486999003158e-02 3.429999999999999716e-01 7.390000000000007674e-01
2.457674483980000019e+06 3.813938363896340888e-02 3.859999999999992326e-01 7.489999999999987779e-01
2.457677042160000186e+06 2.389607225170493621e-01 6.300000000000025580e-01 7.519999999999988916e-01
2.457677044160000049e+06 2.430267546023969771e-01 6.250000000000000000e-01 7.360000000000006537e-01
2.457677046159999911e+06 2.470927866877445922e-01 6.140000000000007674e-01 7.439999999999997726e-01
2.457677048159999773e+06 2.511588187730922073e-01 6.149999999999984368e-01 7.280000000000015348e-01
2.457677050069999881e+06 2.550418799023645988e-01 6.229999999999993321e-01 7.439999999999997726e-01
2.457677051950000226e+06 2.588639510281609546e-01 6.089999999999999858e-01 7.509999999999976694e-01
2.457677053840000182e+06 2.627063515240024572e-01 6.059999999999998721e-01 7.459999999999986642e-01
2.457677055730000138e+06 2.665487520198439597e-01 5.949999999999988631e-01 7.490000000000023306e-01
2.457677057630000170e+06 2.704114828322872199e-01 5.990000000000019753e-01 7.479999999999975557e-01
2.457677059539999813e+06 2.742945430147756269e-01 6.010000000000008669e-01 7.339999999999982094e-01
2.457677061439999845e+06 2.781572738272188872e-01 5.889999999999986358e-01 7.300000000000004263e-01
2.457677063360000029e+06 2.820606652728656627e-01 5.800000000000000711e-01 7.460000000000022169e-01
2.457677065260000061e+06 2.859233960853089229e-01 5.850000000000008527e-01 7.390000000000007674e-01
2.457677067170000169e+06 2.898064572145813145e-01 5.680000000000013927e-01 7.500000000000000000e-01
2.457677069219999947e+06 2.939741399363811070e-01 5.660000000000007248e-01 7.390000000000007674e-01
2.457677071130000055e+06 2.978572010654261248e-01 5.580000000000016058e-01 7.419999999999973284e-01
2.457677073040000163e+06 3.017402621944711427e-01 5.470000000000005969e-01 7.459999999999986642e-01
2.457677083050000016e+06 3.220907538848223339e-01 5.149999999999987921e-01 7.430000000000021032e-01
2.457677099799999967e+06 3.561437748485332122e-01 4.629999999999991900e-01 7.469999999999998863e-01
2.457677101710000075e+06 3.600268359775782301e-01 4.390000000000000568e-01 7.319999999999993179e-01
2.457677103600000031e+06 3.638692364734197326e-01 4.450000000000002842e-01 7.569999999999978968e-01
2.457677105510000139e+06 3.677522976024647505e-01 4.390000000000000568e-01 7.340000000000017621e-01
2.457677107419999782e+06 3.716353577849531575e-01 4.180000000000010374e-01 7.459999999999986642e-01
2.457677109319999814e+06 3.754980885973964178e-01 4.199999999999999289e-01 7.399999999999984368e-01
2.457677111219999846e+06 3.793608194098396780e-01 3.950000000000013500e-01 7.519999999999988916e-01
2.457677113129999954e+06 3.832438805388846959e-01 3.949999999999977973e-01 7.380000000000030980e-01
2.457677115029999986e+06 3.871066113513279561e-01 3.890000000000011227e-01 7.429999999999985505e-01
2.457677116940000094e+06 3.909896724806003476e-01 3.700000000000009948e-01 7.619999999999969020e-01
2.457677119299999904e+06 3.957875902844989469e-01 3.659999999999996589e-01 7.390000000000007674e-01
2.457677121700000018e+06 4.006668293550319504e-01 3.529999999999979821e-01 7.460000000000022169e-01
2.457677123850000091e+06 4.050378142965200823e-01 3.319999999999989626e-01 7.560000000000002274e-01
2.457677130229999777e+06 4.180084569045448006e-01 3.039999999999984936e-01 7.380000000000030980e-01
2.457677125709999818e+06 4.088192238423289382e-01 2.770000000000010232e-01 7.469999999999998863e-01
2.457677140490000136e+06 4.388672036704974744e-01 2.530000000000001137e-01 7.309999999999980957e-01
2.457677142510000151e+06 4.429738963890486048e-01 2.460000000000004405e-01 7.420000000000008811e-01
2.457677144520000089e+06 4.470602587912253512e-01 2.320000000000010942e-01 7.469999999999998863e-01
2.457677146559999790e+06 4.512076111964233860e-01 2.269999999999985363e-01 7.540000000000013358e-01
2.457677148579999804e+06 4.553143039149745164e-01 2.209999999999983089e-01 7.480000000000011084e-01
2.457677150640000124e+06 4.595023179001600511e-01 2.159999999999993037e-01 7.420000000000008811e-01
2.457677152689999901e+06 4.636700006221872172e-01 2.210000000000018616e-01 7.409999999999996589e-01
2.457677154740000144e+06 4.678376842905436206e-01 2.180000000000017479e-01 7.369999999999983231e-01
2.457677156919999979e+06 4.722696592352804146e-01 2.200000000000006395e-01 7.369999999999983231e-01
2.457677159049999900e+06 4.765999835435650311e-01 2.259999999999990905e-01 7.340000000000017621e-01
2.457677161189999897e+06 4.809506381684514054e-01 2.209999999999983089e-01 7.310000000000016485e-01
2.457677163439999800e+06 4.855249243828438921e-01 2.170000000000023022e-01 7.439999999999997726e-01
2.457677165339999832e+06 4.893876551952871523e-01 2.180000000000017479e-01 7.309999999999980957e-01
2.457677167249999940e+06 4.932707163243321702e-01 2.220000000000013074e-01 7.479999999999975557e-01
2.457677169160000049e+06 4.971537774533771881e-01 2.369999999999983231e-01 7.420000000000008811e-01
2.457677171070000157e+06 5.010368385826495796e-01 2.530000000000001137e-01 7.420000000000008811e-01
2.457677172979999799e+06 5.049198987649106130e-01 2.439999999999997726e-01 7.430000000000021032e-01
2.457677174879999831e+06 5.087826295773538732e-01 2.609999999999992326e-01 7.480000000000011084e-01
2.457677176789999940e+06 5.126656907066262647e-01 2.739999999999991331e-01 7.400000000000019895e-01
2.457677178700000048e+06 5.165487518356712826e-01 2.820000000000000284e-01 7.450000000000009948e-01
2.457677181030000094e+06 5.212856796363212197e-01 2.909999999999985931e-01 7.480000000000011084e-01
2.457677182949999813e+06 5.251890701354113844e-01 3.010000000000001563e-01 7.500000000000000000e-01
2.457677185349999927e+06 5.300683092059443879e-01 3.190000000000008384e-01 7.459999999999986642e-01
2.457677187450000085e+06 5.343376435109803424e-01 3.359999999999985221e-01 7.400000000000019895e-01
2.457677189809999894e+06 5.391355613148789416e-01 3.490000000000001990e-01 7.530000000000001137e-01
2.457677191720000003e+06 5.430186224441513332e-01 3.569999999999993179e-01 7.510000000000012221e-01
2.457677193630000111e+06 5.469016835731963511e-01 3.679999999999985505e-01 7.360000000000006537e-01
2.457677195540000219e+06 5.507847447022413689e-01 3.839999999999985647e-01 7.460000000000022169e-01
2.457677197449999861e+06 5.546678048847297759e-01 3.879999999999999005e-01 7.439999999999997726e-01
2.457677199359999970e+06 5.585508660137747938e-01 4.019999999999992468e-01 7.489999999999987779e-01
2.457677198119999841e+06 5.560299256853795669e-01 4.219999999999988205e-01 7.430000000000021032e-01
2.457677209160000086e+06 5.784744248414881440e-01 4.359999999999981668e-01 7.520000000000024443e-01
2.457677210769999772e+06 5.817475802584795019e-01 4.569999999999989626e-01 7.330000000000005400e-01
2.457677212679999880e+06 5.856306413875245198e-01 4.710000000000018616e-01 7.369999999999983231e-01
2.457677214730000123e+06 5.897983250561082968e-01 4.619999999999997442e-01 7.490000000000023306e-01
2.457677216779999901e+06 5.939660077779080893e-01 4.889999999999989910e-01 7.280000000000015348e-01
2.457677218799999915e+06 5.980727004966865934e-01 4.829999999999987637e-01 7.400000000000019895e-01
2.457677220699999947e+06 6.019354313091298536e-01 4.849999999999994316e-01 7.390000000000007674e-01
2.457677222750000190e+06 6.061031149777136307e-01 5.069999999999978968e-01 7.360000000000006537e-01
2.457677224650000222e+06 6.099658457901568909e-01 5.149999999999987921e-01 7.349999999999994316e-01
2.457677226569999941e+06 6.138692362892470555e-01 5.109999999999992326e-01 7.439999999999997726e-01
2.457677228480000049e+06 6.177522974182920734e-01 5.070000000000014495e-01 7.409999999999996589e-01
2.457677230440000072e+06 6.217370091837892687e-01 5.189999999999983515e-01 7.370000000000018758e-01
2.457677232249999885e+06 6.254167680933733209e-01 5.299999999999993605e-01 7.530000000000001137e-01
2.457677234159999993e+06 6.292998292224183388e-01 5.479999999999982663e-01 7.370000000000018758e-01
2.457677236120000016e+06 6.332845409879155341e-01 5.380000000000020322e-01 7.489999999999987779e-01
2.457677237939999904e+06 6.369846302141013439e-01 5.459999999999993747e-01 7.340000000000017621e-01
2.457677239750000183e+06 6.406643900702420069e-01 5.570000000000003837e-01 7.420000000000008811e-01
2.457677241570000071e+06 6.443644792964278167e-01 5.600000000000004974e-01 7.480000000000011084e-01
2.457677243379999883e+06 6.480442382057844952e-01 5.610000000000017195e-01 7.399999999999984368e-01
2.457677245209999848e+06 6.517646577485720627e-01 5.780000000000011795e-01 7.409999999999996589e-01
2.457677247159999795e+06 6.557290391974675003e-01 5.709999999999997300e-01 7.379999999999995453e-01
2.457677258150000125e+06 6.780718877173512737e-01 5.990000000000019753e-01 7.419999999999973284e-01
2.457677259959999938e+06 6.817516466269353259e-01 5.899999999999998579e-01 7.429999999999985505e-01
2.457677261779999826e+06 6.854517358528937621e-01 6.009999999999990905e-01 7.489999999999987779e-01
2.457677263739999849e+06 6.894364476183909574e-01 5.999999999999996447e-01 7.430000000000021032e-01
2.457677265560000204e+06 6.931365377913607517e-01 6.090000000000017621e-01 7.500000000000000000e-01
2.457677267520000227e+06 6.971212495568579470e-01 6.129999999999995453e-01 7.339999999999982094e-01
2.457677269340000115e+06 7.008213387830437568e-01 6.139999999999989910e-01 7.570000000000014495e-01
2.457677271310000215e+06 7.048263808651427098e-01 6.130000000000013216e-01 7.459999999999986642e-01
2.457677275580000132e+06 7.135073597983137006e-01 6.169999999999991047e-01 7.540000000000013358e-01
2.457677277520000003e+06 7.174514109306073806e-01 6.149999999999984368e-01 7.450000000000009948e-01
2.457677279339999892e+06 7.211515001565658167e-01 6.050000000000004263e-01 7.609999999999992326e-01
2.457677281289999839e+06 7.251158816056886280e-01 6.120000000000000995e-01 7.549999999999990052e-01
2.457677283340000082e+06 7.292835652740450314e-01 6.380000000000016769e-01 7.349999999999994316e-01
2.457677285399999935e+06 7.334715783126739552e-01 6.189999999999997726e-01 7.469999999999998863e-01
2.457677287349999882e+06 7.374359597615693929e-01 6.229999999999993321e-01 7.340000000000017621e-01
2.457677289160000160e+06 7.411157196177100559e-01 6.080000000000005400e-01 7.549999999999990052e-01
2.457677287930000108e+06 7.386151096059165866e-01 6.009999999999990905e-01 7.620000000000004547e-01
2.457677321750000119e+06 8.073717169318115339e-01 5.500000000000024869e-01 7.469999999999998863e-01
2.457677323679999914e+06 8.112954377475034562e-01 5.249999999999985789e-01 7.610000000000027853e-01
2.457677325639999937e+06 8.152801495130006515e-01 5.460000000000011511e-01 7.369999999999983231e-01
2.457677327579999808e+06 8.192242006452943315e-01 5.230000000000014637e-01 7.549999999999990052e-01
2.457677329539999831e+06 8.232089124110189005e-01 5.329999999999994742e-01 7.379999999999995453e-01
2.457677331579999998e+06 8.273562657630009198e-01 5.209999999999990195e-01 7.670000000000030127e-01
2.457677333529999945e+06 8.313206472118963575e-01 5.199999999999995737e-01 7.130000000000009663e-01
2.457677335500000045e+06 8.353256892939953104e-01 5.020000000000006679e-01 7.479999999999975557e-01
2.457677337549999822e+06 8.394933720157951029e-01 4.979999999999993321e-01 7.590000000000003411e-01
2.457677339470000006e+06 8.433967634616692521e-01 5.099999999999997868e-01 7.480000000000011084e-01
2.457677341270000208e+06 8.470561930012081575e-01 4.660000000000010800e-01 7.359999999999971010e-01
2.457677343080000021e+06 8.507359519105648360e-01 4.760000000000008669e-01 7.349999999999994316e-01
2.457677344980000053e+06 8.545986827230080962e-01 4.789999999999992042e-01 7.409999999999996589e-01
2.457677346859999932e+06 8.584207529022478411e-01 4.669999999999987494e-01 7.490000000000023306e-01
2.457677348759999964e+06 8.622834837146911013e-01 4.489999999999998437e-01 7.390000000000007674e-01
2.457677350810000207e+06 8.664511673832748784e-01 4.280000000000008242e-01 7.519999999999988916e-01
2.457677352700000163e+06 8.702935678791163809e-01 4.329999999999998295e-01 7.579999999999991189e-01
2.457677354720000178e+06 8.744002605978948850e-01 4.190000000000004832e-01 7.569999999999978968e-01
2.457677356769999955e+06 8.785679433196946775e-01 4.160000000000003695e-01 7.549999999999990052e-01
2.457677358680000063e+06 8.824510044487396954e-01 3.890000000000011227e-01 7.579999999999991189e-01
2.457677360570000019e+06 8.862934049445811979e-01 3.840000000000003411e-01 7.560000000000002274e-01
2.457677362459999975e+06 8.901358054404227005e-01 3.819999999999996732e-01 7.390000000000007674e-01
2.457677364360000007e+06 8.939985362528659607e-01 3.760000000000012221e-01 7.319999999999993179e-01
2.457677366249999963e+06 8.978409367487074633e-01 3.549999999999986500e-01 7.480000000000011084e-01
2.457677368139999919e+06 9.016833372445489658e-01 3.449999999999988631e-01 7.370000000000018758e-01
2.457677370029999875e+06 9.055257377403904684e-01 3.419999999999987494e-01 7.490000000000023306e-01
2.457677372070000041e+06 9.096730910923724878e-01 3.170000000000001705e-01 7.500000000000000000e-01
2.457677373959999997e+06 9.135154915882139903e-01 3.049999999999997158e-01 7.599999999999980105e-01
2.457677376009999774e+06 9.176831743100137828e-01 2.879999999999984794e-01 7.440000000000033253e-01
2.457677377900000196e+06 9.215255757526392699e-01 2.739999999999991331e-01 7.530000000000001137e-01
2.457677379790000152e+06 9.253679762484807725e-01 2.560000000000002274e-01 7.560000000000002274e-01
2.457677381690000184e+06 9.292307070609240327e-01 2.629999999999999005e-01 7.450000000000009948e-01
2.457677383729999885e+06 9.333780594661220675e-01 2.299999999999986500e-01 7.630000000000016769e-01
2.457677385910000186e+06 9.378100353574154724e-01 2.330000000000005400e-01 7.459999999999986642e-01
2.457677387939999811e+06 9.419370574460117496e-01 2.240000000000001990e-01 7.539999999999977831e-01
2.457677389849999920e+06 9.458201185752841411e-01 2.109999999999985221e-01 7.399999999999984368e-01
2.457677391869999934e+06 9.499268112938352715e-01 2.040000000000006253e-01 7.429999999999985505e-01
2.457677393769999966e+06 9.537895421062785317e-01 1.829999999999980531e-01 7.440000000000033253e-01
2.457677395680000074e+06 9.576726032355509233e-01 1.839999999999992752e-01 7.430000000000021032e-01
2.457677397590000182e+06 9.615556643645959412e-01 1.800000000000014921e-01 7.369999999999983231e-01
2.457677399499999825e+06 9.654387245468569745e-01 1.799999999999997158e-01 7.480000000000011084e-01
2.457677401409999933e+06 9.693217856761293660e-01 1.890000000000000568e-01 7.369999999999983231e-01
2.457677403770000208e+06 9.741197044268119498e-01 1.880000000000023874e-01 7.189999999999976410e-01
2.457677405890000053e+06 9.784296984182674350e-01 2.010000000000005116e-01 7.429999999999985505e-01
2.457677408179999795e+06 9.830853049525103415e-01 1.910000000000025011e-01 7.489999999999987779e-01
2.457677410259999800e+06 9.873139786243427807e-01 2.070000000000007390e-01 7.459999999999986642e-01
2.457677412469999865e+06 9.918069445188848476e-01 1.999999999999975131e-01 7.620000000000004547e-01
2.457677414650000166e+06 9.962389204101782525e-01 2.259999999999990905e-01 7.560000000000002274e-01
2.457677416670000181e+06 3.456131289567565545e-04 2.429999999999985505e-01 7.400000000000019895e-01
2.457677418839999940e+06 4.757257756864419207e-03 2.550000000000025580e-01 7.530000000000001137e-01
2.457677420870000031e+06 8.884280792244680924e-03 2.789999999999999147e-01 7.429999999999985505e-01
2.457677423070000019e+06 1.335691637018499023e-02 2.919999999999998153e-01 7.630000000000016769e-01
2.457677425210000016e+06 1.770757099507136445e-02 3.109999999999999432e-01 7.469999999999998863e-01
2.457677427350000013e+06 2.205822561995773867e-02 3.290000000000006253e-01 7.439999999999997726e-01
2.457677429469999857e+06 2.636821961141322390e-02 3.340000000000014069e-01 7.469999999999998863e-01
2.457677431460000109e+06 3.041392232694306585e-02 3.570000000000010942e-01 7.560000000000002274e-01
2.457677433590000030e+06 3.474424663522768242e-02 3.620000000000000995e-01 7.489999999999987779e-01
2.457677435570000205e+06 3.876961903392839304e-02 3.750000000000017764e-01 7.259999999999990905e-01
2.457677437570000067e+06 4.283565111927600810e-02 3.759999999999994458e-01 7.330000000000005400e-01
2.457677439559999853e+06 4.688135288802186551e-02 4.019999999999992468e-01 7.469999999999998863e-01
2.457677441519999877e+06 5.086606465374643449e-02 4.090000000000006963e-01 7.390000000000007674e-01
2.457677443500000052e+06 5.489143705244714511e-02 4.299999999999997158e-01 7.600000000000015632e-01
2.457677445489999838e+06 5.893713882119300251e-02 4.220000000000023732e-01 7.509999999999976694e-01
2.457677447490000166e+06 6.300317185332460213e-02 4.489999999999980673e-01 7.439999999999997726e-01
2.457677449479999952e+06 6.704887362207045953e-02 4.359999999999999432e-01 7.450000000000009948e-01
2.457677451470000204e+06 7.109457633760030149e-02 4.669999999999987494e-01 7.390000000000007674e-01
2.457677453600000124e+06 7.542490064588491805e-02 4.599999999999990763e-01 7.519999999999988916e-01
2.457677455610000063e+06 7.951126304783429077e-02 4.729999999999989768e-01 7.220000000000013074e-01
2.457677457739999983e+06 8.384158735611890734e-02 5.009999999999994458e-01 7.500000000000000000e-01
2.457677459749999922e+06 8.792794975806828006e-02 4.969999999999998863e-01 7.459999999999986642e-01
2.457677461899999995e+06 9.229893469955641194e-02 4.860000000000006537e-01 7.569999999999978968e-01
2.457677463990000077e+06 9.654793868799060874e-02 4.909999999999996589e-01 7.530000000000001137e-01
2.457677466029999778e+06 1.006952910931886436e-01 5.050000000000007816e-01 7.319999999999993179e-01
2.457677468200000003e+06 1.051069366678802908e-01 5.250000000000021316e-01 7.179999999999999716e-01
2.457677470209999941e+06 1.091932990700570372e-01 5.179999999999989058e-01 7.300000000000004263e-01
2.457677472260000184e+06 1.133609827384134405e-01 5.270000000000010232e-01 7.489999999999987779e-01
2.457677474479999859e+06 1.178742780030006543e-01 5.590000000000010516e-01 7.409999999999996589e-01
2.457677476650000084e+06 1.222859235776923015e-01 5.809999999999995168e-01 7.400000000000019895e-01
2.457677478680000175e+06 1.264129466130725632e-01 5.519999999999996021e-01 7.510000000000012221e-01
2.457677480750000104e+06 1.306212899680758710e-01 5.849999999999990763e-01 7.579999999999991189e-01
2.457677483119999990e+06 1.354395380888036016e-01 5.780000000000011795e-01 7.369999999999983231e-01
2.457677485270000063e+06 1.398105230302917334e-01 5.809999999999977405e-01 7.460000000000022169e-01
2.457677487430000212e+06 1.442018382883816230e-01 5.730000000000021743e-01 7.500000000000000000e-01
2.457677489680000115e+06 1.487761245027741097e-01 5.850000000000008527e-01 7.489999999999987779e-01
2.457678036100000143e+06 2.596568271699197794e-01 6.040000000000009805e-01 7.359999999999971010e-01
2.457678038420000114e+06 2.643734246539679589e-01 5.969999999999977547e-01 7.400000000000019895e-01
2.457678040680000093e+06 2.689680411849622033e-01 5.840000000000014069e-01 7.519999999999988916e-01
2.457678042950000148e+06 2.735829880325582053e-01 5.810000000000012932e-01 7.489999999999987779e-01
2.457678045109999832e+06 2.779743023440914840e-01 5.720000000000009521e-01 7.459999999999986642e-01
2.457678047650000080e+06 2.831381639539358730e-01 5.660000000000007248e-01 7.539999999999977831e-01
2.457678049850000069e+06 2.876107995318761823e-01 5.570000000000003837e-01 7.579999999999991189e-01
2.457678052110000048e+06 2.922054160630978004e-01 5.620000000000011653e-01 7.599999999999980105e-01
2.457678054310000036e+06 2.966780516410381097e-01 5.539999999999984936e-01 7.580000000000026716e-01
2.457678056619999930e+06 3.013743188084845315e-01 5.420000000000015916e-01 7.500000000000000000e-01
2.457678058939999901e+06 3.060909162925327109e-01 5.329999999999994742e-01 7.469999999999998863e-01
2.457678061110000126e+06 3.105025618672243581e-01 5.379999999999984794e-01 7.439999999999997726e-01
2.457678063389999792e+06 3.151378380848655070e-01 5.209999999999990195e-01 7.460000000000022169e-01
2.457678065820000134e+06 3.200780681054311572e-01 5.139999999999993463e-01 7.469999999999998863e-01
2.457678068219999783e+06 3.249573062291801762e-01 5.099999999999997868e-01 7.459999999999986642e-01
2.457678070280000102e+06 3.291453202143657109e-01 5.060000000000020037e-01 7.500000000000000000e-01
2.457678072279999964e+06 3.332113522997133259e-01 4.929999999999985505e-01 7.570000000000014495e-01
2.457678074270000216e+06 3.372570550152431679e-01 4.810000000000016485e-01 7.569999999999978968e-01
2.457678076549999882e+06 3.418923312328843167e-01 4.850000000000012079e-01 7.560000000000002274e-01
2.457678078650000039e+06 3.461616655376928975e-01 4.729999999999989768e-01 7.460000000000022169e-01
2.457678080819999799e+06 3.505733101658279338e-01 4.659999999999993037e-01 7.500000000000000000e-01
2.457678083019999787e+06 3.550459457437682431e-01 4.569999999999989626e-01 7.510000000000012221e-01
2.457678085059999954e+06 3.591932990957502625e-01 4.440000000000008384e-01 7.599999999999980105e-01
2.457678087189999875e+06 3.635236234040348791e-01 4.260000000000001563e-01 7.560000000000002274e-01
2.457678089219999965e+06 3.676506464391877671e-01 4.230000000000000426e-01 7.379999999999995453e-01
2.457678091310000047e+06 3.718996504276219639e-01 4.250000000000007105e-01 7.319999999999993179e-01
2.457678093290000223e+06 3.759250228263226745e-01 4.149999999999991473e-01 7.490000000000023306e-01
2.457678095269999932e+06 3.799503942784667743e-01 4.100000000000001421e-01 7.370000000000018758e-01
2.457678097250000108e+06 3.839757666773948586e-01 4.000000000000021316e-01 7.500000000000000000e-01
2.457678099260000046e+06 3.880621290793442313e-01 3.749999999999982236e-01 7.400000000000019895e-01
2.457678101360000204e+06 3.923314633843801857e-01 3.629999999999995453e-01 7.510000000000012221e-01
2.457678103339999914e+06 3.963568348365242855e-01 3.540000000000009805e-01 7.549999999999990052e-01
2.457678105320000090e+06 4.003822072354523698e-01 3.529999999999979821e-01 7.570000000000014495e-01
2.457678107410000172e+06 4.046312112238865666e-01 3.320000000000007390e-01 7.519999999999988916e-01
2.457678109470000025e+06 4.088192242622881167e-01 3.159999999999989484e-01 7.560000000000002274e-01
2.457678111430000048e+06 4.128039360277853120e-01 3.109999999999999432e-01 7.500000000000000000e-01
2.457678113510000054e+06 4.170326096996177512e-01 2.980000000000000426e-01 7.540000000000013358e-01
2.457678115569999907e+06 4.212206227380193013e-01 2.859999999999995879e-01 7.580000000000026716e-01
2.457678117639999837e+06 4.254289660932499828e-01 2.729999999999996874e-01 7.579999999999991189e-01
2.457678119830000214e+06 4.298812723011451453e-01 2.589999999999985647e-01 7.480000000000011084e-01
2.457678121910000220e+06 4.341099459729775845e-01 2.629999999999999005e-01 7.319999999999993179e-01
2.457678124090000056e+06 4.385419209177143784e-01 2.480000000000011084e-01 7.579999999999991189e-01
2.457678126209999900e+06 4.428519149091698637e-01 2.289999999999992042e-01 7.380000000000030980e-01
2.457678128330000211e+06 4.471619098474093335e-01 2.369999999999983231e-01 7.409999999999996589e-01
2.457678130419999827e+06 4.514109128892869194e-01 2.270000000000020890e-01 7.429999999999985505e-01
2.457678132559999824e+06 4.557615675139459199e-01 2.189999999999994174e-01 7.500000000000000000e-01
2.457678134730000049e+06 4.601732130888649408e-01 2.230000000000007532e-01 7.409999999999996589e-01
2.457678136839999817e+06 4.644628767637186684e-01 1.999999999999992895e-01 7.460000000000022169e-01
2.457678139070000034e+06 4.689965032916916243e-01 2.179999999999981952e-01 7.370000000000018758e-01
2.457678141160000116e+06 4.732455072798984475e-01 2.069999999999989626e-01 7.620000000000004547e-01
2.457678143240000121e+06 4.774741809517308866e-01 2.110000000000002984e-01 7.469999999999998863e-01
2.457678145419999957e+06 4.819061558964676806e-01 2.200000000000006395e-01 7.519999999999988916e-01
2.457678147760000080e+06 4.866634140137193754e-01 2.169999999999987494e-01 7.450000000000009948e-01
2.457678149879999924e+06 4.909734080054022343e-01 2.390000000000007674e-01 7.469999999999998863e-01
2.457678152249999810e+06 4.957916561259025912e-01 2.459999999999986642e-01 7.480000000000011084e-01
2.457678154509999789e+06 5.003862726571242092e-01 2.519999999999988916e-01 7.439999999999997726e-01
2.457678157099999953e+06 5.056517849034207757e-01 2.609999999999992326e-01 7.520000000000024443e-01
2.457678159649999812e+06 5.108359758833103115e-01 2.719999999999984652e-01 7.480000000000011084e-01
2.457678162130000070e+06 5.158778565401007654e-01 2.820000000000000284e-01 7.480000000000011084e-01
2.457678164450000040e+06 5.205944540243763186e-01 2.899999999999991473e-01 7.530000000000001137e-01
2.457678166559999809e+06 5.248841176992300461e-01 3.010000000000019327e-01 7.359999999999971010e-01
2.457678168779999949e+06 5.293974139103738707e-01 3.239999999999980673e-01 7.370000000000018758e-01
2.457678171010000166e+06 5.339310404383468267e-01 3.329999999999984084e-01 7.530000000000001137e-01
2.457678173249999993e+06 5.384849963361375558e-01 3.490000000000001990e-01 7.599999999999980105e-01
2.457678175460000057e+06 5.429779622306796227e-01 3.510000000000026432e-01 7.539999999999977831e-01
2.457678177709999960e+06 5.475522484450721095e-01 3.519999999999985363e-01 7.590000000000003411e-01
2.457678180069999769e+06 5.523501662489707087e-01 3.570000000000010942e-01 7.550000000000007816e-01
2.457678182289999910e+06 5.568634624603419070e-01 3.910000000000000142e-01 7.469999999999981100e-01
2.457678184520000126e+06 5.613970889880874893e-01 4.050000000000011369e-01 7.500000000000000000e-01
2.457678186710000038e+06 5.658493942494260409e-01 4.039999999999999147e-01 7.580000000000008953e-01
2.457678188959999941e+06 5.704236804638185276e-01 4.160000000000003695e-01 7.479999999999993321e-01
2.457678191120000090e+06 5.748149957219084172e-01 4.249999999999989342e-01 7.510000000000012221e-01
2.457678193190000020e+06 5.790233390771390987e-01 4.330000000000016058e-01 7.639999999999993463e-01
2.457678195259999949e+06 5.832316824321424065e-01 4.429999999999996163e-01 7.499999999999982236e-01
2.457678197319999803e+06 5.874196954705439566e-01 4.519999999999999574e-01 7.549999999999990052e-01
2.457678199500000104e+06 5.918516713620647351e-01 4.629999999999991900e-01 7.469999999999998863e-01
2.457678201539999805e+06 5.959990237672627700e-01 4.599999999999990763e-01 7.600000000000015632e-01
2.457678203610000201e+06 6.002073680690500623e-01 4.739999999999984226e-01 7.490000000000023306e-01
2.457678205649999902e+06 6.043547204742480972e-01 4.820000000000010942e-01 7.479999999999975557e-01
2.457678207580000162e+06 6.082784422367240040e-01 4.960000000000004405e-01 7.369999999999983231e-01
2.457678226850000210e+06 6.474546641768483823e-01 5.540000000000020464e-01 7.439999999999997726e-01
2.457679036199999973e+06 2.928763112515753164e-01 5.489999999999994884e-01 7.540000000000013358e-01
2.457679038079999853e+06 2.966983814308150613e-01 5.370000000000008100e-01 7.579999999999991189e-01
2.457679039979999885e+06 3.005611122432583215e-01 5.410000000000003695e-01 7.459999999999986642e-01
2.457679041860000230e+06 3.043831833690546773e-01 5.370000000000008100e-01 7.450000000000009948e-01
2.457679043740000110e+06 3.082052535482944222e-01 5.279999999999986926e-01 7.340000000000017621e-01
2.457679045619999990e+06 3.120273237275341671e-01 5.060000000000002274e-01 7.560000000000002274e-01
2.457679047499999870e+06 3.158493939067739120e-01 5.030000000000001137e-01 7.719999999999984652e-01
2.457679049389999826e+06 3.196917944026154146e-01 5.099999999999980105e-01 7.570000000000014495e-01
2.457679051270000171e+06 3.235138655284117704e-01 5.070000000000014495e-01 7.519999999999988916e-01
2.457679053160000127e+06 3.273562660242532729e-01 4.890000000000007674e-01 6.980000000000003979e-01
2.457679055029999930e+06 3.311580058868912602e-01 5.010000000000012221e-01 6.969999999999991758e-01
2.457679056909999810e+06 3.349800760661310051e-01 4.890000000000007674e-01 7.329999999999969873e-01
2.457679058780000079e+06 3.387818168753256032e-01 4.770000000000003126e-01 7.570000000000014495e-01
2.457679060659999959e+06 3.426038870545653481e-01 4.589999999999996305e-01 7.240000000000001990e-01
