 1.318410995031626953e-01 3.680000000000003268e-01 7.110000000000002984e-01  2.457673054430000018e+06
 1.374522242920193094e-01 3.529999999999997584e-01 7.159999999999993037e-01  2.457673057190000080e+06
 1.513580548382833513e-01 3.330000000000001847e-01 7.069999999999989626e-01  2.457673064030000009e+06
 1.554037566070292087e-01 3.320000000000007390e-01 7.149999999999998579e-01  2.457673066019999795e+06
 1.594494593225590506e-01 3.310000000000012932e-01 7.130000000000009663e-01  2.457673068010000046e+06
 1.635358217245084234e-01 3.209999999999997300e-01 7.189999999999994174e-01  2.457673070019999985e+06
 1.674188828537808149e-01 3.170000000000001705e-01 7.199999999999988631e-01  2.457673071930000093e+06
 1.713426036694727372e-01 3.220000000000009521e-01 7.210000000000000853e-01  2.457673073859999888e+06
 1.751240141620655777e-01 3.209999999999997300e-01 7.219999999999995310e-01  2.457673075720000081e+06
 1.827274948338981631e-01 3.019999999999996021e-01 7.059999999999995168e-01  2.457673079460000154e+06
 1.865089043797070190e-01 3.100000000000004974e-01 7.149999999999998579e-01  2.457673081319999881e+06
 1.903309755057307484e-01 3.060000000000009379e-01 7.170000000000005258e-01  2.457673083200000226e+06
 1.941327153683687357e-01 3.130000000000006111e-01 7.179999999999999716e-01  2.457673085070000030e+06
 1.978734652275306871e-01 3.040000000000002700e-01 7.080000000000001847e-01  2.457673086910000071e+06
 2.016345454037491436e-01 2.990000000000012648e-01 7.060000000000012932e-01  2.457673088760000188e+06
 2.053346346297075797e-01 2.959999999999993747e-01 7.089999999999996305e-01  2.457673090580000076e+06
 2.090550541724951472e-01 3.040000000000002700e-01 7.130000000000009663e-01  2.457673092410000041e+06
 2.128161343484862300e-01 3.049999999999997158e-01 7.130000000000009663e-01  2.457673094260000158e+06
 2.165365538912737975e-01 2.989999999999994884e-01 7.119999999999997442e-01  2.457673096090000123e+06
 2.202569734340613650e-01 3.059999999999991616e-01 7.119999999999997442e-01  2.457673097920000087e+06
 2.239773929766215588e-01 3.040000000000002700e-01 7.119999999999997442e-01  2.457673099750000052e+06
 2.275148406165499182e-01 3.049999999999997158e-01 7.159999999999993037e-01  2.457673101489999797e+06
 2.309709688831844687e-01 3.060000000000009379e-01 7.160000000000010800e-01  2.457673103190000169e+06
 2.344677568362385500e-01 3.059999999999991616e-01 7.119999999999997442e-01  2.457673104910000227e+06
 2.381678460624243598e-01 3.100000000000004974e-01 7.160000000000010800e-01  2.457673106730000116e+06
 2.418679352886101697e-01 3.109999999999999432e-01 7.100000000000008527e-01  2.457673108550000004e+06
 2.455273648281490750e-01 3.090000000000010516e-01 7.059999999999995168e-01  2.457673110350000206e+06
 2.492274540541075112e-01 3.179999999999996163e-01 7.170000000000005258e-01  2.457673112170000095e+06
 2.528665532770446589e-01 3.229999999999986215e-01 7.189999999999994174e-01  2.457673113960000221e+06
 2.565869728198322264e-01 3.100000000000004974e-01 7.140000000000004121e-01  2.457673115790000185e+06
 2.602464014125871472e-01 3.179999999999996163e-01 7.169999999999987494e-01  2.457673117589999922e+06
 2.639871512719764723e-01 3.269999999999999574e-01 7.110000000000002984e-01  2.457673119429999962e+06
 2.674432785920544120e-01 3.289999999999988489e-01 7.189999999999994174e-01  2.457673121129999869e+06
 2.711027081315933174e-01 3.230000000000003979e-01 7.119999999999997442e-01  2.457673122930000070e+06
 2.747824670409499959e-01 3.389999999999986358e-01 7.219999999999995310e-01  2.457673124739999883e+06
 2.785028865837375633e-01 3.469999999999995310e-01 7.179999999999999716e-01  2.457673126569999848e+06
 3.110108157902686798e-01 3.899999999999987921e-01 7.199999999999988631e-01  2.457673142560000066e+06
 3.138773686614513281e-01 3.910000000000000142e-01 7.249999999999996447e-01  2.457673143970000092e+06
 3.184109942426402995e-01 3.840000000000003411e-01 7.029999999999994031e-01  2.457673146199999843e+06
 3.221110844153827202e-01 3.949999999999995737e-01 7.069999999999989626e-01  2.457673148020000197e+06
 3.257501826915358834e-01 4.119999999999990337e-01 7.230000000000007532e-01  2.457673149809999857e+06
 3.292266403282155807e-01 4.149999999999991473e-01 7.159999999999993037e-01  2.457673151519999839e+06
 3.329267305009580014e-01 4.220000000000005969e-01 7.110000000000002984e-01  2.457673153340000194e+06
 3.366268197271438112e-01 4.279999999999990479e-01 7.080000000000001847e-01  2.457673155160000082e+06
 3.402659189500809589e-01 4.469999999999991758e-01 7.270000000000003126e-01  2.457673156950000208e+06
 3.439660081760393950e-01 4.550000000000000711e-01 7.210000000000000853e-01  2.457673158770000096e+06
 3.477067580354287202e-01 4.519999999999999574e-01 7.170000000000005258e-01  2.457673160610000137e+06
 3.513051966251623526e-01 4.550000000000000711e-01 7.119999999999997442e-01  2.457673162380000111e+06
 3.550256161679499201e-01 4.629999999999991900e-01 7.149999999999998579e-01  2.457673164210000075e+06
 3.586647153906596941e-01 4.749999999999996447e-01 7.110000000000002984e-01  2.457673166000000201e+06
 3.623241439836419886e-01 4.979999999999993321e-01 7.210000000000000853e-01  2.457673167799999937e+06
 3.660039038397826516e-01 4.849999999999994316e-01 7.169999999999987494e-01  2.457673169610000215e+06
 3.696836627493667038e-01 5.099999999999997868e-01 7.100000000000008527e-01  2.457673171420000028e+06
 3.734244126085286553e-01 5.160000000000000142e-01 7.089999999999996305e-01  2.457673173260000069e+06
 3.770635118314658030e-01 5.309999999999988063e-01 7.109999999999985221e-01  2.457673175050000194e+06
 3.807636010576516128e-01 5.470000000000005969e-01 7.080000000000001847e-01  2.457673176870000083e+06
 3.844636902838374226e-01 5.570000000000003837e-01 7.050000000000000711e-01  2.457673178689999972e+06
 3.881027895067745703e-01 5.549999999999997158e-01 7.099999999999990763e-01  2.457673180480000097e+06
 3.918232090493347641e-01 5.800000000000000711e-01 7.149999999999998579e-01  2.457673182310000062e+06
 3.955029679589188163e-01 5.719999999999991758e-01 7.119999999999997442e-01  2.457673184119999874e+06
 3.991623974984577217e-01 6.030000000000015348e-01 7.130000000000009663e-01  2.457673185920000076e+06
 4.028624867246435315e-01 6.169999999999991047e-01 7.179999999999999716e-01  2.457673187739999965e+06
 4.065015859473533055e-01 6.300000000000007816e-01 7.190000000000011937e-01  2.457673189530000091e+06
 4.104456370798743592e-01 6.359999999999992326e-01 7.069999999999989626e-01  2.457673191469999962e+06
 4.141050666194132646e-01 6.370000000000004547e-01 7.220000000000013074e-01  2.457673193270000163e+06
 4.178254861619734584e-01 6.550000000000011369e-01 7.149999999999998579e-01  2.457673195100000128e+06
 4.215459057047610258e-01 6.740000000000012648e-01 7.240000000000001990e-01  2.457673196930000093e+06
 4.252256646143450780e-01 6.720000000000005969e-01 7.220000000000013074e-01  2.457673198739999905e+06
 4.289054244704857410e-01 6.829999999999998295e-01 7.189999999999994174e-01  2.457673200550000183e+06
 4.325241924300371466e-01 6.980000000000003979e-01 7.159999999999993037e-01  2.457673202329999767e+06
 4.362242826027795672e-01 7.110000000000002984e-01 7.200000000000006395e-01  2.457673204150000121e+06
 4.399040415123636194e-01 7.040000000000006253e-01 7.130000000000009663e-01  2.457673205959999934e+06
 4.435838013685042824e-01 7.199999999999988631e-01 7.179999999999999716e-01  2.457673207770000212e+06
 4.472432299612592033e-01 7.179999999999999716e-01 7.069999999999989626e-01  2.457673209569999948e+06
 4.505977066448849655e-01 6.959999999999997300e-01 7.099999999999990763e-01  2.457673211219999939e+06
 4.629381151173674880e-01 6.059999999999998721e-01 7.140000000000004121e-01  2.457673217290000059e+06
 4.663535818040145386e-01 7.500000000000000000e-01 7.250000000000014211e-01  2.457673218969999813e+06
 5.459055058456669940e-01 5.379999999999984794e-01 7.080000000000001847e-01  2.457673258100000210e+06
 5.494632838019697374e-01 5.389999999999997016e-01 7.110000000000002984e-01  2.457673259850000031e+06
 5.531837033447573049e-01 5.299999999999993605e-01 7.009999999999987352e-01  2.457673261679999996e+06
 5.569041228875448724e-01 5.400000000000009237e-01 7.089999999999996305e-01  2.457673263509999961e+06
 5.605635524270837777e-01 5.289999999999999147e-01 7.219999999999995310e-01  2.457673265310000163e+06
 5.643246316562908760e-01 4.869999999999983231e-01 6.999999999999992895e-01  2.457673267159999814e+06
 5.680043915124315390e-01 5.069999999999996732e-01 7.249999999999996447e-01  2.457673268970000092e+06
 5.717451413718208642e-01 4.910000000000014353e-01 7.120000000000015206e-01  2.457673270810000133e+06
 5.754045699648031587e-01 4.860000000000006537e-01 7.100000000000008527e-01  2.457673272609999869e+06
 5.791046601375455793e-01 4.689999999999994174e-01 7.059999999999995168e-01  2.457673274430000223e+06
 5.828250796803331468e-01 4.649999999999998579e-01 7.089999999999996305e-01  2.457673276260000188e+06
 5.869521017689294240e-01 4.600000000000008527e-01 7.030000000000011795e-01  2.457673278289999813e+06
 5.904895503554143943e-01 4.480000000000003979e-01 7.029999999999994031e-01  2.457673280030000024e+06
 5.940473283117171377e-01 4.539999999999988489e-01 7.080000000000001847e-01  2.457673281779999845e+06
 6.016711393001514807e-01 4.269999999999996021e-01 7.239999999999984226e-01  2.457673285529999994e+06
 6.052085878866364510e-01 4.179999999999992610e-01 7.299999999999986500e-01  2.457673287270000204e+06
 6.089899974326726806e-01 4.310000000000009379e-01 7.309999999999998721e-01  2.457673289129999932e+06
 6.128933888783194561e-01 4.179999999999992610e-01 7.259999999999990905e-01  2.457673291050000116e+06
 6.168577703272148938e-01 4.120000000000008100e-01 7.279999999999997584e-01  2.457673293000000063e+06
 6.207408314562599116e-01 3.979999999999996874e-01 7.219999999999995310e-01  2.457673294910000172e+06
 6.246238916387483187e-01 3.970000000000002416e-01 7.339999999999999858e-01  2.457673296819999814e+06
 6.285069527677933365e-01 3.879999999999999005e-01 7.370000000000000995e-01  2.457673298729999922e+06
 6.323900138970657281e-01 3.800000000000007816e-01 7.300000000000004263e-01  2.457673300640000030e+06
 6.362730750261107460e-01 3.819999999999996732e-01 7.379999999999995453e-01  2.457673302550000139e+06
 6.401764655252009106e-01 3.740000000000005542e-01 7.360000000000006537e-01  2.457673304469999857e+06
 6.440595266542459285e-01 3.719999999999998863e-01 7.230000000000007532e-01  2.457673306379999965e+06
 6.479425877832909464e-01 3.710000000000004405e-01 7.279999999999997584e-01  2.457673308290000074e+06
 6.517849882791324490e-01 3.600000000000012079e-01 7.400000000000002132e-01  2.457673310180000030e+06
 6.558103606780605332e-01 3.469999999999995310e-01 7.139999999999986358e-01  2.457673312160000205e+06
 6.596121005404711468e-01 3.490000000000001990e-01 7.240000000000001990e-01  2.457673314030000009e+06
 6.634748313529144070e-01 3.580000000000005400e-01 7.370000000000000995e-01  2.457673315930000041e+06
 6.673985521686063294e-01 3.530000000000015348e-01 7.339999999999999858e-01  2.457673317859999835e+06
 6.713019436144804786e-01 3.449999999999988631e-01 7.339999999999999858e-01  2.457673319780000020e+06
 6.751850047435254965e-01 3.409999999999993037e-01 7.430000000000003268e-01  2.457673321690000128e+06
 6.791290558758191764e-01 3.290000000000006253e-01 7.330000000000005400e-01  2.457673323629999999e+06
 6.830527766915110988e-01 3.339999999999996305e-01 7.270000000000003126e-01  2.457673325559999794e+06
 6.869358378205561166e-01 3.309999999999995168e-01 7.249999999999996447e-01  2.457673327469999902e+06
 6.908188989496011345e-01 3.310000000000012932e-01 7.300000000000004263e-01  2.457673329380000010e+06
 6.947426197652930568e-01 3.399999999999998579e-01 7.360000000000006537e-01  2.457673331309999805e+06
 6.986460112111672061e-01 3.260000000000005116e-01 7.230000000000007532e-01  2.457673333229999989e+06
 7.028950151993740292e-01 3.230000000000003979e-01 7.449999999999992184e-01  2.457673335320000071e+06
 7.067170853786137741e-01 3.130000000000006111e-01 7.300000000000004263e-01  2.457673337199999951e+06
 7.106408071410896810e-01 3.350000000000008527e-01 7.300000000000004263e-01  2.457673339130000211e+06
 7.150524517689973436e-01 3.239999999999998437e-01 7.300000000000004263e-01  2.457673341299999971e+06
 7.189558432148714928e-01 2.940000000000004832e-01 7.260000000000008669e-01  2.457673343220000155e+06
 7.228998943471651728e-01 3.049999999999997158e-01 7.309999999999998721e-01  2.457673345160000026e+06
 7.268032857928119483e-01 3.100000000000004974e-01 7.200000000000006395e-01  2.457673347080000211e+06
 7.311946001043452270e-01 3.260000000000005116e-01 7.379999999999995453e-01  2.457673349239999894e+06
 7.353622837729290040e-01 3.050000000000014921e-01 7.250000000000014211e-01  2.457673351290000137e+06
 7.392453439551900374e-01 3.179999999999996163e-01 7.289999999999992042e-01  2.457673353199999779e+06
 7.431487354010641866e-01 3.050000000000014921e-01 7.250000000000014211e-01  2.457673355119999964e+06
 7.470724571633127198e-01 3.160000000000007248e-01 7.280000000000015348e-01  2.457673357050000224e+06
 7.509758476624028845e-01 3.250000000000010658e-01 7.400000000000002132e-01  2.457673358969999943e+06
 7.548995694246514176e-01 3.040000000000002700e-01 7.259999999999990905e-01  2.457673360900000203e+06
 7.588232902403433400e-01 3.109999999999999432e-01 7.330000000000005400e-01  2.457673362829999998e+06
 7.626453604195830849e-01 3.109999999999999432e-01 7.390000000000007674e-01  2.457673364709999878e+06
 7.666097418684785225e-01 3.320000000000007390e-01 7.319999999999993179e-01  2.457673366659999825e+06
 7.705131333143526717e-01 3.439999999999994174e-01 7.349999999999994316e-01  2.457673368580000009e+06
 7.744165247599994473e-01 3.350000000000008527e-01 7.360000000000006537e-01  2.457673370500000194e+06
 7.783199152590896119e-01 3.470000000000013074e-01 7.240000000000001990e-01  2.457673372419999912e+06
 7.822233067047363875e-01 3.449999999999988631e-01 7.379999999999995453e-01  2.457673374340000097e+06
 7.861266972038265521e-01 3.439999999999994174e-01 7.339999999999999858e-01  2.457673376259999815e+06
 7.902333899223776825e-01 3.589999999999999858e-01 7.330000000000005400e-01  2.457673378279999830e+06
 7.941571116848535894e-01 3.629999999999995453e-01 7.270000000000003126e-01  2.457673380210000090e+06
 7.980605021839437541e-01 3.609999999999988773e-01 7.389999999999989910e-01  2.457673382129999809e+06
 8.019638936295905296e-01 3.739999999999987779e-01 7.279999999999997584e-01  2.457673384049999993e+06
 8.058672850752373051e-01 3.770000000000006679e-01 7.160000000000010800e-01  2.457673385970000178e+06
 8.098113362077583588e-01 3.610000000000006537e-01 7.370000000000000995e-01  2.457673387910000049e+06
 8.136943973368033767e-01 3.879999999999999005e-01 7.189999999999994174e-01  2.457673389820000157e+06
 8.175977878358935413e-01 3.800000000000007816e-01 7.270000000000003126e-01  2.457673391739999875e+06
 8.215011792815403169e-01 3.890000000000011227e-01 7.300000000000004263e-01  2.457673393660000060e+06
 8.253639100939835771e-01 3.990000000000009095e-01 7.310000000000016485e-01  2.457673395560000092e+06
 8.292673005930737418e-01 4.139999999999997016e-01 7.290000000000009805e-01  2.457673397479999810e+06
 8.333536639418070990e-01 3.979999999999996874e-01 7.330000000000005400e-01  2.457673399490000214e+06
 8.375213466636068915e-01 4.120000000000008100e-01 7.230000000000007532e-01  2.457673401539999992e+06
 8.414450674792988139e-01 4.310000000000009379e-01 7.290000000000009805e-01  2.457673403469999786e+06
 8.452874689219243010e-01 4.460000000000015064e-01 7.250000000000014211e-01  2.457673405360000208e+06
 8.491705291041853343e-01 4.440000000000008384e-01 7.330000000000005400e-01  2.457673407269999851e+06
 8.530942508666612412e-01 4.540000000000006253e-01 7.300000000000004263e-01  2.457673409200000111e+06
 8.570179716823531635e-01 4.689999999999994174e-01 7.330000000000005400e-01  2.457673411129999906e+06
 8.609213631279999390e-01 4.719999999999995310e-01 7.210000000000000853e-01  2.457673413050000090e+06
 8.648450839436918614e-01 4.700000000000006395e-01 7.279999999999997584e-01  2.457673414979999885e+06
 8.687281450727368792e-01 4.700000000000006395e-01 7.110000000000002984e-01  2.457673416889999993e+06
 8.726518658884288016e-01 4.680000000000017479e-01 7.150000000000016342e-01  2.457673418819999788e+06
 8.765145967008720618e-01 4.810000000000016485e-01 7.160000000000010800e-01  2.457673420719999820e+06
 8.803976578299170797e-01 5.070000000000014495e-01 7.149999999999998579e-01  2.457673422629999928e+06
 8.843010492757912289e-01 5.190000000000001279e-01 7.200000000000006395e-01  2.457673424550000113e+06
 8.881637800882344891e-01 5.320000000000000284e-01 7.140000000000004121e-01  2.457673426450000145e+06
 8.966007971150702360e-01 5.439999999999987068e-01 7.129999999999991900e-01  2.457673430600000080e+06
 9.046312106493132887e-01 5.830000000000001847e-01 7.189999999999994174e-01  2.457673434549999889e+06
 9.122956822711785208e-01 6.110000000000006537e-01 7.200000000000006395e-01  2.457673438320000190e+06
 9.177238351571759267e-01 6.110000000000006537e-01 7.119999999999997442e-01  2.457673440990000032e+06
 9.216272266030500759e-01 6.350000000000015632e-01 7.120000000000015206e-01  2.457673442910000216e+06
 9.255102867853111093e-01 6.319999999999996732e-01 7.129999999999991900e-01  2.457673444819999859e+06
 9.293933479143561271e-01 6.530000000000004690e-01 7.219999999999995310e-01  2.457673446729999967e+06
 9.332764090436285187e-01 6.720000000000005969e-01 7.260000000000008669e-01  2.457673448640000075e+06
 9.371797995424913097e-01 6.950000000000002842e-01 7.130000000000009663e-01  2.457673450559999794e+06
 9.410425303551619436e-01 6.879999999999988347e-01 7.119999999999997442e-01  2.457673452459999826e+06
 9.449255914842069615e-01 7.169999999999987494e-01 7.229999999999989768e-01  2.457673454369999934e+06
 9.487883222966502217e-01 7.199999999999988631e-01 7.259999999999990905e-01  2.457673456269999966e+06
 9.526917137422969972e-01 7.149999999999998579e-01 7.149999999999998579e-01  2.457673458190000150e+06
 9.565747739247854042e-01 7.160000000000010800e-01 7.210000000000000853e-01  2.457673460099999793e+06
 9.606408069569170038e-01 7.409999999999996589e-01 7.230000000000007532e-01  2.457673462100000121e+06
 9.647068390422646189e-01 7.450000000000009948e-01 7.119999999999997442e-01  2.457673464099999983e+06
 9.686712204911600566e-01 7.089999999999996305e-01 7.169999999999987494e-01  2.457673466049999930e+06
 9.725542816202050744e-01 7.110000000000002984e-01 7.029999999999994031e-01  2.457673467960000038e+06
 9.764576730660792236e-01 7.210000000000000853e-01 7.210000000000000853e-01  2.457673469880000222e+06
 9.803000735619207262e-01 7.160000000000010800e-01 7.290000000000009805e-01  2.457673471770000178e+06
 9.842441246942144062e-01 6.959999999999997300e-01 7.130000000000009663e-01  2.457673473710000049e+06
 1.746767504560011730e-01 3.300000000000000711e-01 7.170000000000005258e-01  2.457674059260000009e+06
 1.817516466821871290e-01 3.149999999999995026e-01 7.149999999999998579e-01  2.457674062739999965e+06
 1.856753684446630359e-01 3.109999999999999432e-01 7.200000000000006395e-01  2.457674064670000225e+06
 1.895380983103223116e-01 3.140000000000000568e-01 7.159999999999993037e-01  2.457674066569999792e+06
 1.934821503893999761e-01 3.109999999999999432e-01 7.119999999999997442e-01  2.457674068510000128e+06
 1.974465318382954138e-01 3.049999999999997158e-01 7.200000000000006395e-01  2.457674070460000075e+06
 2.013905829705890937e-01 3.070000000000003837e-01 7.059999999999995168e-01  2.457674072399999946e+06
 2.052736440996341116e-01 3.030000000000008242e-01 7.170000000000005258e-01  2.457674074310000055e+06
 2.092176952319277916e-01 3.109999999999999432e-01 7.140000000000004121e-01  2.457674076249999925e+06
 2.131414169944036985e-01 2.959999999999993747e-01 7.110000000000002984e-01  2.457674078180000186e+06
 2.170448074934938631e-01 3.019999999999996021e-01 7.019999999999999574e-01  2.457674080099999905e+06
 2.209481989391406387e-01 3.010000000000001563e-01 7.170000000000005258e-01  2.457674082020000089e+06
 2.249939007078864961e-01 3.040000000000002700e-01 7.070000000000007390e-01  2.457674084009999875e+06
 2.287956415173084679e-01 3.020000000000013785e-01 7.100000000000008527e-01  2.457674085880000144e+06
 2.326990320161712589e-01 3.070000000000003837e-01 7.090000000000014069e-01  2.457674087799999863e+06
 2.366024234620454081e-01 3.180000000000013927e-01 7.270000000000003126e-01  2.457674089720000047e+06
 2.405058149076921836e-01 3.089999999999992752e-01 7.129999999999991900e-01  2.457674091640000232e+06
 2.444092054067823483e-01 3.140000000000000568e-01 7.059999999999995168e-01  2.457674093559999950e+06
 2.483125968524291238e-01 3.160000000000007248e-01 6.989999999999998437e-01  2.457674095480000135e+06
 2.520126860786149336e-01 3.200000000000002842e-01 7.089999999999996305e-01  2.457674097300000023e+06
 2.557331056214025011e-01 3.330000000000001847e-01 7.090000000000014069e-01  2.457674099129999988e+06
 2.599007892899862782e-01 3.260000000000005116e-01 7.110000000000002984e-01  2.457674101180000231e+06
 2.638448404222799581e-01 3.320000000000007390e-01 7.129999999999991900e-01  2.457674103120000102e+06
 2.675449296482383943e-01 3.300000000000000711e-01 7.230000000000007532e-01  2.457674104939999990e+06
 2.714483210941125435e-01 3.369999999999997442e-01 7.080000000000001847e-01  2.457674106860000174e+06
 2.753720419098044658e-01 3.480000000000007532e-01 7.110000000000002984e-01  2.457674108789999969e+06
 2.790924614523646596e-01 3.480000000000007532e-01 7.160000000000010800e-01  2.457674110619999934e+06
 2.827722213087326963e-01 3.580000000000005400e-01 7.100000000000008527e-01  2.457674112430000212e+06
 2.866552814909937297e-01 3.600000000000012079e-01 7.050000000000000711e-01  2.457674114339999855e+06
 2.902130603940804576e-01 3.659999999999996589e-01 7.140000000000004121e-01  2.457674116090000141e+06
 2.939131496202662674e-01 3.640000000000007674e-01 7.080000000000001847e-01  2.457674117910000030e+06
 3.096893550962249719e-01 3.829999999999991189e-01 7.110000000000002984e-01  2.457674125669999979e+06
 3.179230708501563640e-01 4.020000000000010232e-01 7.059999999999995168e-01  2.457674129720000084e+06
 3.218671219824500440e-01 4.079999999999994742e-01 7.069999999999989626e-01  2.457674131659999955e+06
 3.256485324750428845e-01 4.110000000000013642e-01 7.050000000000000711e-01  2.457674133520000149e+06
 3.298568758300461923e-01 4.260000000000001563e-01 7.199999999999988631e-01  2.457674135590000078e+06
 3.337602663291363569e-01 4.380000000000006111e-01 7.179999999999999716e-01  2.457674137509999797e+06
 3.379686106309236493e-01 4.319999999999986073e-01 7.119999999999997442e-01  2.457674139580000192e+06
 3.416483695405077015e-01 4.450000000000002842e-01 7.189999999999994174e-01  2.457674141390000004e+06
 3.455517609861544770e-01 4.430000000000013927e-01 7.200000000000006395e-01  2.457674143310000189e+06
 3.492518502123402868e-01 4.619999999999997442e-01 7.089999999999996305e-01  2.457674145130000077e+06
 3.531755710280322091e-01 4.600000000000008527e-01 7.120000000000015206e-01  2.457674147059999872e+06
 3.569366512040232919e-01 4.760000000000008669e-01 7.190000000000011937e-01  2.457674148909999989e+06
 3.608400426496700675e-01 4.799999999999986500e-01 7.050000000000000711e-01  2.457674150830000173e+06
 3.645401318758558773e-01 4.859999999999988773e-01 7.110000000000002984e-01  2.457674152650000062e+06
 3.684231930049008952e-01 5.010000000000012221e-01 7.120000000000015206e-01  2.457674154560000170e+06
 3.725908757267006877e-01 5.060000000000002274e-01 7.140000000000004121e-01  2.457674156609999947e+06
 3.762706355830687244e-01 5.129999999999999005e-01 7.040000000000006253e-01  2.457674158420000225e+06
 3.801943563985332730e-01 5.169999999999994600e-01 7.159999999999993037e-01  2.457674160350000020e+06
 3.840774175278056646e-01 5.249999999999985789e-01 7.139999999999986358e-01  2.457674162260000128e+06
 3.879198180236471671e-01 5.280000000000004690e-01 7.210000000000000853e-01  2.457674164150000084e+06
 3.917215578860577807e-01 5.429999999999992610e-01 7.170000000000005258e-01  2.457674166019999888e+06
 3.955436280652975256e-01 5.660000000000007248e-01 7.149999999999998579e-01  2.457674167899999768e+06
 3.994063588777407858e-01 5.789999999999988489e-01 7.179999999999999716e-01  2.457674169799999800e+06
 4.032894200070131774e-01 5.929999999999999716e-01 7.130000000000009663e-01  2.457674171709999908e+06
 4.071928114526599529e-01 6.009999999999990905e-01 7.099999999999990763e-01  2.457674173630000092e+06
 4.108522400454148737e-01 6.139999999999989910e-01 7.129999999999991900e-01  2.457674175429999828e+06
 4.145726595882024412e-01 6.280000000000001137e-01 7.129999999999991900e-01  2.457674177259999793e+06
 4.221354805736154958e-01 6.429999999999989058e-01 7.029999999999994031e-01  2.457674180980000179e+06
 4.260185407558765291e-01 6.609999999999995879e-01 7.119999999999997442e-01  2.457674182889999822e+06
 4.297186309286189498e-01 6.669999999999998153e-01 7.089999999999996305e-01  2.457674184710000176e+06
 4.334593807880082750e-01 6.849999999999987210e-01 7.139999999999986358e-01  2.457674186550000217e+06
 4.371594700141940848e-01 6.870000000000011653e-01 7.130000000000009663e-01  2.457674188370000105e+06
 4.410628605132842495e-01 6.939999999999990621e-01 7.099999999999990763e-01  2.457674190289999824e+06
 4.447629506860266702e-01 7.119999999999997442e-01 7.139999999999986358e-01  2.457674192110000178e+06
 4.487273321349221078e-01 7.140000000000004121e-01 7.230000000000007532e-01  2.457674194060000125e+06
 4.526103923174105148e-01 7.179999999999999716e-01 7.179999999999999716e-01  2.457674195969999768e+06
 4.564731231298537750e-01 7.230000000000007532e-01 7.149999999999998579e-01  2.457674197869999800e+06
 4.601935436191979534e-01 7.170000000000005258e-01 7.119999999999997442e-01  2.457674199700000230e+06
 4.639546228486324253e-01 7.279999999999997584e-01 7.160000000000010800e-01  2.457674201549999882e+06
 4.676343827047730883e-01 7.219999999999995310e-01 7.069999999999989626e-01  2.457674203360000160e+06
 4.713141416143571405e-01 7.269999999999985363e-01 7.129999999999991900e-01  2.457674205169999972e+06
 4.750548914737464656e-01 7.260000000000008669e-01 7.130000000000009663e-01  2.457674207010000013e+06
 4.789176222861897259e-01 7.289999999999992042e-01 7.300000000000004263e-01  2.457674208910000045e+06
 4.828210137318365014e-01 7.139999999999986358e-01 7.179999999999999716e-01  2.457674210830000229e+06
 4.865414332746240689e-01 7.149999999999998579e-01 7.149999999999998579e-01  2.457674212660000194e+06
 4.902618528174116364e-01 7.110000000000002984e-01 7.120000000000015206e-01  2.457674214490000159e+06
 4.939822723599718302e-01 7.029999999999994031e-01 7.119999999999997442e-01  2.457674216320000123e+06
 4.976823615861576400e-01 6.940000000000008384e-01 7.080000000000001847e-01  2.457674218140000012e+06
 5.014027811289452075e-01 6.859999999999999432e-01 7.170000000000005258e-01  2.457674219969999976e+06
 5.051028703551310173e-01 6.699999999999999289e-01 7.179999999999999716e-01  2.457674221789999865e+06
 5.088232898976912111e-01 6.599999999999983658e-01 7.089999999999996305e-01  2.457674223619999830e+06
 5.125640397570805362e-01 6.489999999999991331e-01 7.099999999999990763e-01  2.457674225459999871e+06
 5.162437996132211993e-01 6.490000000000009095e-01 7.130000000000009663e-01  2.457674227270000149e+06
 5.201471901123113639e-01 6.370000000000004547e-01 7.179999999999999716e-01  2.457674229189999867e+06
 5.240302512413563818e-01 6.170000000000008811e-01 7.130000000000009663e-01  2.457674231099999975e+06
 5.277913314175748383e-01 6.069999999999993179e-01 7.099999999999990763e-01  2.457674232950000092e+06
 5.391762216352162795e-01 5.750000000000010658e-01 7.110000000000002984e-01  2.457674238549999893e+06
 5.511710175651387544e-01 5.030000000000001137e-01 6.689999999999987068e-01  2.457674244450000115e+06
 5.547084652050671139e-01 4.760000000000008669e-01 7.360000000000006537e-01  2.457674246189999860e+06
 5.863625277399933111e-01 4.499999999999992895e-01 7.059999999999995168e-01  2.457674261760000139e+06
 5.900829472827808786e-01 4.519999999999999574e-01 7.110000000000002984e-01  2.457674263590000104e+06
 5.937830365087393147e-01 4.329999999999998295e-01 7.189999999999994174e-01  2.457674265409999993e+06
 5.976864279546134640e-01 4.390000000000000568e-01 7.169999999999987494e-01  2.457674267330000177e+06
 6.014271778137754154e-01 4.329999999999998295e-01 7.149999999999998579e-01  2.457674269170000218e+06
 6.051272670399612252e-01 4.240000000000012648e-01 7.160000000000010800e-01  2.457674270990000106e+06
 6.088273562661470351e-01 4.190000000000004832e-01 7.129999999999991900e-01  2.457674272809999995e+06
 6.125477758089346025e-01 4.170000000000015916e-01 7.120000000000015206e-01  2.457674274639999960e+06
 6.162681953514947963e-01 4.130000000000002558e-01 7.069999999999989626e-01  2.457674276469999924e+06
 6.200089452108841215e-01 3.980000000000014637e-01 7.090000000000014069e-01  2.457674278309999965e+06
 6.237293647536716890e-01 3.979999999999996874e-01 7.080000000000001847e-01  2.457674280139999930e+06
 6.274497842964592564e-01 3.830000000000008953e-01 7.110000000000002984e-01  2.457674281969999894e+06
 6.311702038392468239e-01 3.919999999999994600e-01 7.210000000000000853e-01  2.457674283799999859e+06
 6.349312840152379067e-01 3.869999999999986784e-01 7.199999999999988631e-01  2.457674285649999976e+06
 6.386110429245945852e-01 3.739999999999987779e-01 7.229999999999989768e-01  2.457674287459999789e+06
 6.423111330975643796e-01 3.780000000000001137e-01 7.179999999999999716e-01  2.457674289280000143e+06
 6.461738639100076398e-01 3.699999999999992184e-01 7.119999999999997442e-01  2.457674291180000175e+06
 6.497723024995138985e-01 3.680000000000003268e-01 7.210000000000000853e-01  2.457674292950000148e+06
 6.535130523589032236e-01 3.610000000000006537e-01 7.170000000000005258e-01  2.457674294790000189e+06
 6.572131415850890335e-01 3.490000000000001990e-01 7.149999999999998579e-01  2.457674296610000078e+06
 6.609132308112748433e-01 3.409999999999993037e-01 7.189999999999994174e-01  2.457674298429999966e+06
 6.646539806706641684e-01 3.399999999999998579e-01 7.210000000000000853e-01  2.457674300270000007e+06
 6.683744002132243622e-01 3.390000000000004121e-01 7.100000000000008527e-01  2.457674302099999972e+06
 6.720948197560119297e-01 3.390000000000004121e-01 7.240000000000001990e-01  2.457674303929999936e+06
 6.757949089821977395e-01 3.419999999999987494e-01 7.169999999999987494e-01  2.457674305749999825e+06
 6.795153285249853070e-01 3.350000000000008527e-01 7.179999999999999716e-01  2.457674307579999790e+06
 6.832967390175781475e-01 3.249999999999992895e-01 7.110000000000002984e-01  2.457674309439999983e+06
 6.869358382405152952e-01 3.269999999999999574e-01 7.129999999999991900e-01  2.457674311230000108e+06
 6.906562577833028627e-01 3.230000000000003979e-01 7.059999999999995168e-01  2.457674313060000073e+06
 6.943970076426921878e-01 3.200000000000002842e-01 7.219999999999995310e-01  2.457674314900000114e+06
 6.981174271852523816e-01 3.149999999999995026e-01 7.140000000000004121e-01  2.457674316730000079e+06
 7.017971860948364338e-01 3.200000000000002842e-01 7.129999999999991900e-01  2.457674318539999891e+06
 7.055379359542257589e-01 3.170000000000001705e-01 7.159999999999993037e-01  2.457674320379999932e+06
 7.092583554970133264e-01 3.120000000000011653e-01 7.089999999999996305e-01  2.457674322209999897e+06
 7.129787750395735202e-01 3.130000000000006111e-01 7.099999999999990763e-01  2.457674324039999861e+06
 7.166991945823610877e-01 3.200000000000002842e-01 7.070000000000007390e-01  2.457674325869999826e+06
 7.203789544385017507e-01 3.130000000000006111e-01 7.149999999999998579e-01  2.457674327680000104e+06
 7.241806943011397379e-01 3.160000000000007248e-01 7.119999999999997442e-01  2.457674329549999908e+06
 7.277994632074751280e-01 3.160000000000007248e-01 7.119999999999997442e-01  2.457674331329999957e+06
 7.316012040166697261e-01 3.109999999999999432e-01 7.219999999999995310e-01  2.457674333200000226e+06
 7.352199719762211316e-01 3.209999999999997300e-01 7.210000000000000853e-01  2.457674334979999810e+06
 7.389607218356104568e-01 3.209999999999997300e-01 7.139999999999986358e-01  2.457674336819999851e+06
 7.427014716949997819e-01 3.129999999999988347e-01 7.140000000000004121e-01  2.457674338659999892e+06
 7.501219814105297701e-01 3.189999999999990621e-01 7.129999999999991900e-01  2.457674342310000211e+06
 7.613238997253120033e-01 3.190000000000008384e-01 7.170000000000005258e-01  2.457674347819999792e+06
 7.686834184910367185e-01 3.320000000000007390e-01 7.159999999999993037e-01  2.457674351439999882e+06
 7.724038380338242860e-01 3.390000000000004121e-01 7.140000000000004121e-01  2.457674353269999847e+06
 7.761242575766118534e-01 3.410000000000010800e-01 7.200000000000006395e-01  2.457674355099999812e+06
 7.798446771191720472e-01 3.399999999999998579e-01 7.210000000000000853e-01  2.457674356929999776e+06
 7.836057572951631300e-01 3.469999999999995310e-01 7.159999999999993037e-01  2.457674358779999893e+06
 7.872651868349294091e-01 3.449999999999988631e-01 7.179999999999999716e-01  2.457674360580000095e+06
 7.910059366940913606e-01 3.589999999999999858e-01 7.140000000000004121e-01  2.457674362420000136e+06
 7.947060259202771704e-01 3.739999999999987779e-01 7.229999999999989768e-01  2.457674364240000024e+06
 7.984467757796664955e-01 3.620000000000000995e-01 7.309999999999998721e-01  2.457674366080000065e+06
 8.021875256390558206e-01 3.689999999999997726e-01 7.219999999999995310e-01  2.457674367920000106e+06
 8.058266248619929684e-01 3.770000000000006679e-01 7.110000000000002984e-01  2.457674369710000232e+06
 8.097503456776848907e-01 3.840000000000003411e-01 7.029999999999994031e-01  2.457674371640000027e+06
 8.134504349036433268e-01 3.829999999999991189e-01 7.149999999999998579e-01  2.457674373459999915e+06
 8.172115150798617833e-01 3.890000000000011227e-01 7.210000000000000853e-01  2.457674375310000032e+06
 8.245913641619608825e-01 3.870000000000004547e-01 7.159999999999993037e-01  2.457674378940000199e+06
 8.282914533881466923e-01 4.089999999999989200e-01 7.159999999999993037e-01  2.457674380760000087e+06
 8.320118729309342598e-01 4.199999999999999289e-01 7.230000000000007532e-01  2.457674382590000052e+06
 8.433764328319739434e-01 4.250000000000007105e-01 7.230000000000007532e-01  2.457674388179999776e+06
 8.470561926881146064e-01 4.350000000000004974e-01 7.230000000000007532e-01  2.457674389990000054e+06
 8.507562819143004162e-01 4.499999999999992895e-01 7.099999999999990763e-01  2.457674391809999943e+06
 8.545173620902914990e-01 4.489999999999998437e-01 7.110000000000002984e-01  2.457674393660000060e+06
 8.582174513164773089e-01 4.729999999999989768e-01 7.129999999999991900e-01  2.457674395479999948e+06
 8.619378708592648763e-01 4.729999999999989768e-01 7.129999999999991900e-01  2.457674397309999913e+06
 8.732617710738850292e-01 5.060000000000002274e-01 7.300000000000004263e-01  2.457674402879999951e+06
 8.769415309300256922e-01 5.090000000000003411e-01 7.089999999999996305e-01  2.457674404690000229e+06
 8.807026101592327905e-01 5.120000000000004547e-01 7.130000000000009663e-01  2.457674406539999880e+06
 8.844026993854186003e-01 5.199999999999995737e-01 7.170000000000005258e-01  2.457674408359999768e+06
 8.881027895581610210e-01 5.480000000000000426e-01 7.140000000000004121e-01  2.457674410180000123e+06
 8.918232091009485885e-01 5.470000000000005969e-01 7.170000000000005258e-01  2.457674412010000087e+06
 8.992640481862963497e-01 5.709999999999997300e-01 7.089999999999996305e-01  2.457674415670000017e+06
 9.030047980456856749e-01 5.899999999999998579e-01 7.119999999999997442e-01  2.457674417510000058e+06
 9.067455479050750000e-01 5.880000000000009663e-01 7.019999999999999574e-01  2.457674419350000098e+06
 9.178458165301890403e-01 6.140000000000007674e-01 7.159999999999993037e-01  2.457674424810000230e+06
 9.252866556157641753e-01 6.549999999999993605e-01 7.080000000000001847e-01  2.457674428470000159e+06
 9.290070751583243691e-01 6.699999999999999289e-01 7.099999999999990763e-01  2.457674430300000124e+06
 9.327478250177136943e-01 6.679999999999992610e-01 7.119999999999997442e-01  2.457674432140000165e+06
 9.364479142438995041e-01 6.859999999999999432e-01 7.119999999999997442e-01  2.457674433960000053e+06
 9.401480034700853139e-01 6.959999999999997300e-01 7.109999999999985221e-01  2.457674435779999942e+06
 9.438887533294746390e-01 7.089999999999996305e-01 7.039999999999988489e-01  2.457674437619999982e+06
 9.476295031888639642e-01 7.259999999999990905e-01 7.199999999999988631e-01  2.457674439460000023e+06
 9.513295924148224003e-01 7.289999999999992042e-01 7.140000000000004121e-01  2.457674441279999912e+06
 9.550500119576099678e-01 7.359999999999988773e-01 7.129999999999991900e-01  2.457674443109999876e+06
 9.587907618169992929e-01 7.250000000000014211e-01 7.170000000000005258e-01  2.457674444949999917e+06
 9.624908510431851028e-01 7.490000000000005542e-01 7.119999999999997442e-01  2.457674446769999806e+06
 9.662519312191761856e-01 7.300000000000004263e-01 7.170000000000005258e-01  2.457674448619999923e+06
 9.736724399879221892e-01 7.350000000000012079e-01 7.240000000000001990e-01  2.457674452269999776e+06
 9.773928604774937412e-01 7.300000000000004263e-01 7.200000000000006395e-01  2.457674454100000206e+06
 9.811742700233025971e-01 7.190000000000011937e-01 7.100000000000008527e-01  2.457674455959999934e+06
 9.848336995628415025e-01 7.230000000000007532e-01 7.059999999999995168e-01  2.457674457760000136e+06
 9.885744494222308276e-01 7.159999999999993037e-01 7.149999999999998579e-01  2.457674459600000177e+06
 9.811742700233025971e-01 7.069999999999989626e-01 7.109999999999985221e-01  2.457674455959999934e+06
 9.960152885078059626e-01 6.779999999999990479e-01 7.139999999999986358e-01  2.457674463260000106e+06
 9.997357080505935301e-01 6.680000000000010374e-01 7.089999999999996305e-01  2.457674465090000071e+06
 3.456127593153723865e-03 6.739999999999994884e-01 7.200000000000006395e-01  2.457674466920000035e+06
 1.459705590491466864e-02 6.219999999999998863e-01 7.010000000000005116e-01  2.457674472399999853e+06
 1.841912703071102442e-02 6.219999999999998863e-01 7.080000000000001847e-01  2.457674474280000199e+06
 2.199723530384289916e-02 6.029999999999997584e-01 7.080000000000001847e-01  2.457674476040000096e+06
 2.573798516300485062e-02 5.970000000000013074e-01 7.179999999999999716e-01  2.457674477880000137e+06
 2.941774407258890278e-02 5.900000000000016342e-01 7.150000000000016342e-01  2.457674479689999949e+06
 3.315849393197822792e-02 5.779999999999994031e-01 7.159999999999993037e-01  2.457674481529999990e+06
 3.691957410796931072e-02 5.540000000000002700e-01 7.089999999999996305e-01  2.457674483380000107e+06
 2.458119862069452211e-01 2.990000000000012648e-01 6.810000000000009379e-01  2.457677045529999770e+06
 2.498983495556785783e-01 3.160000000000007248e-01 6.959999999999997300e-01  2.457677047540000174e+06
 2.537610803681218385e-01 3.209999999999997300e-01 7.019999999999999574e-01  2.457677049440000206e+06
 2.576034808639633411e-01 3.109999999999999432e-01 7.119999999999997442e-01  2.457677051330000162e+06
 2.614458813598048437e-01 3.220000000000009521e-01 6.840000000000010516e-01  2.457677053220000118e+06
 2.652679515390445886e-01 3.319999999999989626e-01 7.110000000000002984e-01  2.457677055099999998e+06
 2.691306823514878488e-01 3.320000000000007390e-01 7.070000000000007390e-01  2.457677057000000030e+06
 2.730137434805328667e-01 3.360000000000002984e-01 7.040000000000006253e-01  2.457677058910000138e+06
 2.768764742929761269e-01 3.469999999999995310e-01 7.010000000000005116e-01  2.457677060810000170e+06
 2.807798647920662916e-01 3.409999999999993037e-01 6.979999999999986215e-01  2.457677062729999889e+06
 2.846425956045095518e-01 3.540000000000009805e-01 7.160000000000010800e-01  2.457677064629999921e+06
 2.885459870503837010e-01 3.629999999999995453e-01 7.200000000000006395e-01  2.457677066550000105e+06
 2.926933394555817358e-01 3.650000000000002132e-01 7.119999999999997442e-01  2.457677068589999806e+06
 2.965967309012285114e-01 3.699999999999992184e-01 7.219999999999995310e-01  2.457677070509999990e+06
 3.004797920302735292e-01 3.660000000000014353e-01 7.100000000000008527e-01  2.457677072420000099e+06
 3.245100435767653835e-01 4.140000000000014779e-01 7.080000000000001847e-01  2.457677084240000229e+06
 3.548629743675064674e-01 4.689999999999994174e-01 7.110000000000002984e-01  2.457677099169999827e+06
 3.587460354967788589e-01 4.770000000000003126e-01 7.199999999999988631e-01  2.457677101079999935e+06
 3.626290966258238768e-01 4.779999999999997584e-01 7.030000000000011795e-01  2.457677102990000043e+06
 3.664714971216653794e-01 4.989999999999987779e-01 7.169999999999987494e-01  2.457677104879999999e+06
 3.703545582507103973e-01 4.979999999999993321e-01 7.129999999999991900e-01  2.457677106790000107e+06
 3.742376193797554151e-01 5.140000000000011227e-01 7.170000000000005258e-01  2.457677108700000215e+06
 3.780800198755969177e-01 5.199999999999995737e-01 7.119999999999997442e-01  2.457677110590000171e+06
 3.819630800580853247e-01 5.250000000000003553e-01 7.160000000000010800e-01  2.457677112499999814e+06
 3.858461411871303426e-01 5.410000000000003695e-01 7.179999999999999716e-01  2.457677114409999922e+06
 3.897088719995736028e-01 5.410000000000003695e-01 7.070000000000007390e-01  2.457677116309999954e+06
 3.945271201203013334e-01 5.609999999999999432e-01 7.219999999999995310e-01  2.457677118679999840e+06
 3.993656985574034479e-01 5.730000000000003979e-01 7.089999999999996305e-01  2.457677121059999801e+06
 4.037570138154933375e-01 5.850000000000008527e-01 7.070000000000007390e-01  2.457677123219999950e+06
 4.167073270537002827e-01 6.219999999999998863e-01 7.160000000000010800e-01  2.457677129590000026e+06
 4.208343500890805444e-01 6.340000000000003411e-01 7.179999999999999716e-01  2.457677131620000117e+06
 4.301049034709194530e-01 6.610000000000013642e-01 7.030000000000011795e-01  2.457677136179999914e+06
 4.416930959082492336e-01 7.029999999999994031e-01 7.059999999999995168e-01  2.457677141880000010e+06
 4.457794583104259800e-01 6.849999999999987210e-01 7.089999999999996305e-01  2.457677143889999948e+06
 4.499268116621806257e-01 7.040000000000006253e-01 7.080000000000001847e-01  2.457677145930000115e+06
 4.540335043809591298e-01 7.069999999999989626e-01 7.009999999999987352e-01  2.457677147950000130e+06
 4.582215174193606799e-01 7.149999999999998579e-01 7.129999999999991900e-01  2.457677150009999983e+06
 4.624095304579896037e-01 7.339999999999999858e-01 7.240000000000001990e-01  2.457677152069999836e+06
 4.665772141263460071e-01 7.190000000000011937e-01 7.160000000000010800e-01  2.457677154120000079e+06
 4.710091890710828011e-01 7.190000000000011937e-01 7.140000000000004121e-01  2.457677156299999915e+06
 4.753395133793674177e-01 7.129999999999991900e-01 7.159999999999993037e-01  2.457677158429999836e+06
 4.796698386342086451e-01 7.269999999999985363e-01 7.199999999999988631e-01  2.457677160560000222e+06
 4.842441248486011318e-01 7.129999999999991900e-01 6.929999999999996163e-01  2.457677162810000125e+06
 4.881271850310895388e-01 7.300000000000004263e-01 7.240000000000001990e-01  2.457677164719999768e+06
 4.920102461601345567e-01 6.890000000000000568e-01 7.259999999999990905e-01  2.457677166629999876e+06
 4.958933072891795746e-01 7.129999999999991900e-01 7.089999999999996305e-01  2.457677168539999984e+06
 4.997560381018502085e-01 7.110000000000002984e-01 7.110000000000002984e-01  2.457677170440000016e+06
 5.036390992308952264e-01 6.929999999999996163e-01 7.149999999999998579e-01  2.457677172350000124e+06
 5.075221603599402442e-01 6.609999999999995879e-01 7.000000000000010658e-01  2.457677174260000233e+06
 5.113848902255995199e-01 6.570000000000000284e-01 7.290000000000009805e-01  2.457677176159999799e+06
 5.152679513548719115e-01 6.330000000000008953e-01 7.140000000000004121e-01  2.457677178069999907e+06
 5.200252094721236062e-01 6.429999999999989058e-01 7.240000000000001990e-01  2.457677180410000030e+06
 5.239082706013959978e-01 6.270000000000006679e-01 7.279999999999997584e-01  2.457677182320000138e+06
 5.287875087251450168e-01 6.010000000000008669e-01 7.040000000000006253e-01  2.457677184719999786e+06
 5.330568430301809713e-01 5.899999999999998579e-01 7.189999999999994174e-01  2.457677186819999944e+06
 5.378547617808635550e-01 5.849999999999990763e-01 7.079999999999984084e-01  2.457677189180000219e+06
 5.417378219631245884e-01 5.679999999999996163e-01 7.100000000000008527e-01  2.457677191089999862e+06
 5.456208830923969799e-01 5.520000000000013785e-01 7.000000000000010658e-01  2.457677192999999970e+06
 5.495039442214419978e-01 5.390000000000014779e-01 7.140000000000004121e-01  2.457677194910000078e+06
 5.533870053504870157e-01 5.449999999999999289e-01 7.189999999999994174e-01  2.457677196820000187e+06
 5.572700655329754227e-01 5.340000000000006963e-01 7.050000000000000711e-01  2.457677198729999829e+06
 5.611531266620204406e-01 5.259999999999998010e-01 7.149999999999998579e-01  2.457677200639999937e+06
 5.650361877910654584e-01 5.090000000000003411e-01 7.210000000000000853e-01  2.457677202550000045e+06
 5.734528745012994477e-01 4.890000000000007674e-01 7.089999999999996305e-01  2.457677206689999904e+06
 5.843498418535091332e-01 4.640000000000004121e-01 7.089999999999996305e-01  2.457677212050000206e+06
 5.885175245753089257e-01 4.519999999999999574e-01 7.140000000000004121e-01  2.457677214099999983e+06
 5.926852082438927027e-01 4.429999999999996163e-01 6.989999999999998437e-01  2.457677216150000226e+06
 5.967919000158872223e-01 4.300000000000014921e-01 7.020000000000017337e-01  2.457677218169999775e+06
 6.006546308283304825e-01 4.269999999999996021e-01 7.079999999999984084e-01  2.457677220069999807e+06
 6.048223144969142595e-01 4.260000000000001563e-01 7.110000000000002984e-01  2.457677222120000049e+06
 6.086850453093575197e-01 4.230000000000000426e-01 7.039999999999988489e-01  2.457677224020000082e+06
 6.125884358084476844e-01 4.140000000000014779e-01 7.010000000000005116e-01  2.457677225939999800e+06
 6.164714969374927023e-01 4.130000000000002558e-01 7.119999999999997442e-01  2.457677227849999908e+06
 6.204562087029898976e-01 4.080000000000012506e-01 7.190000000000011937e-01  2.457677229809999932e+06
 6.241359685591305606e-01 3.900000000000005684e-01 7.210000000000000853e-01  2.457677231620000210e+06
 6.280393590582207253e-01 3.889999999999993463e-01 7.140000000000004121e-01  2.457677233539999928e+06
 6.320037405071161629e-01 3.830000000000008953e-01 7.130000000000009663e-01  2.457677235489999875e+06
 6.357038306800859573e-01 3.770000000000006679e-01 7.110000000000002984e-01  2.457677237310000230e+06
 6.393835895894426358e-01 3.730000000000011084e-01 7.110000000000002984e-01  2.457677239120000042e+06
 6.430836788156284456e-01 3.659999999999996589e-01 7.089999999999996305e-01  2.457677240939999931e+06
 6.467837680415868817e-01 3.610000000000006537e-01 7.140000000000004121e-01  2.457677242759999819e+06
 6.504635278979549184e-01 3.620000000000000995e-01 7.179999999999999716e-01  2.457677244570000097e+06
 6.544482396634521137e-01 3.500000000000014211e-01 7.130000000000009663e-01  2.457677246530000120e+06
 6.804911764625103388e-01 3.259999999999987352e-01 7.069999999999989626e-01  2.457677259339999873e+06
 6.841709363188783755e-01 3.239999999999998437e-01 7.089999999999996305e-01  2.457677261150000151e+06
 6.881759774541933439e-01 3.239999999999998437e-01 7.050000000000000711e-01  2.457677263119999785e+06
 6.918557373105613806e-01 3.279999999999994031e-01 7.039999999999988489e-01  2.457677264930000063e+06
 6.958607793926603335e-01 3.230000000000003979e-01 7.200000000000006395e-01  2.457677266900000162e+06
 6.995608686188461434e-01 3.140000000000000568e-01 7.129999999999991900e-01  2.457677268720000051e+06
 7.035659107009450963e-01 3.149999999999995026e-01 7.100000000000008527e-01  2.457677270690000150e+06
 7.161909407664097671e-01 3.160000000000007248e-01 7.119999999999997442e-01  2.457677276899999939e+06
 7.198910299923682032e-01 3.129999999999988347e-01 7.139999999999986358e-01  2.457677278719999827e+06
 7.238554114414910146e-01 3.119999999999993889e-01 7.050000000000000711e-01  2.457677280669999775e+06
 7.280230951098474179e-01 3.090000000000010516e-01 7.119999999999997442e-01  2.457677282720000017e+06
 7.321907778318745841e-01 3.050000000000014921e-01 7.010000000000005116e-01  2.457677284769999795e+06
 7.361754895973717794e-01 3.059999999999991616e-01 7.109999999999985221e-01  2.457677286729999818e+06
 7.398349191369106848e-01 3.059999999999991616e-01 7.129999999999991900e-01  2.457677288530000020e+06
 7.438196309024078801e-01 3.079999999999998295e-01 7.159999999999993037e-01  2.457677290490000043e+06
 7.479669842543898994e-01 3.150000000000012790e-01 7.110000000000002984e-01  2.457677292530000210e+06
 7.563836709646238887e-01 3.219999999999991758e-01 7.110000000000002984e-01  2.457677296670000069e+06
 7.597991376512709394e-01 3.260000000000005116e-01 7.219999999999995310e-01  2.457677298349999823e+06
 8.097910056771979725e-01 3.769999999999988916e-01 7.249999999999996447e-01  2.457677322939999867e+06
 8.137350577560482634e-01 3.810000000000002274e-01 7.200000000000006395e-01  2.457677324880000204e+06
 8.176994392051710747e-01 3.869999999999986784e-01 7.219999999999995310e-01  2.457677326830000151e+06
 8.216638206540665124e-01 3.919999999999994600e-01 7.169999999999987494e-01  2.457677328780000098e+06
 8.258315033758663049e-01 3.990000000000009095e-01 7.059999999999995168e-01  2.457677330829999875e+06
 8.297958848247617425e-01 3.979999999999996874e-01 7.149999999999998579e-01  2.457677332779999822e+06
 8.337602662736571801e-01 4.089999999999989200e-01 7.219999999999995310e-01  2.457677334729999769e+06
 8.379482802588427148e-01 4.230000000000000426e-01 7.300000000000004263e-01  2.457677336790000089e+06
 8.421362932974716387e-01 4.199999999999999289e-01 7.200000000000006395e-01  2.457677338849999942e+06
 8.457957228370105440e-01 4.380000000000006111e-01 7.080000000000001847e-01  2.457677340650000144e+06
 8.494551514297654649e-01 4.410000000000007248e-01 7.050000000000000711e-01  2.457677342449999880e+06
 8.533382125588104827e-01 4.450000000000002842e-01 7.140000000000004121e-01  2.457677344359999988e+06
 8.571602827380502276e-01 4.580000000000001847e-01 7.289999999999992042e-01  2.457677346239999868e+06
 8.610230135504934879e-01 4.669999999999987494e-01 6.919999999999983942e-01  2.457677348139999900e+06
 8.651906972190772649e-01 4.809999999999998721e-01 7.339999999999999858e-01  2.457677350190000143e+06
 8.690330977149187675e-01 4.960000000000004405e-01 7.149999999999998579e-01  2.457677352080000099e+06
 8.728551678941585124e-01 4.990000000000005542e-01 7.240000000000001990e-01  2.457677353959999979e+06
 8.772871428388953063e-01 4.989999999999987779e-01 7.159999999999993037e-01  2.457677356139999814e+06
 8.811702039679403242e-01 5.030000000000001137e-01 7.130000000000009663e-01  2.457677358049999923e+06
 8.850329347803835844e-01 5.170000000000012363e-01 7.200000000000006395e-01  2.457677359949999955e+06
 8.888956655928268447e-01 5.350000000000001421e-01 7.200000000000006395e-01  2.457677361849999987e+06
 8.927177357720665896e-01 5.609999999999999432e-01 7.199999999999988631e-01  2.457677363729999866e+06
 8.965804665845098498e-01 5.340000000000006963e-01 7.110000000000002984e-01  2.457677365629999898e+06
 9.004228670803513523e-01 5.579999999999998295e-01 7.219999999999995310e-01  2.457677367519999854e+06
 9.042449382063750818e-01 5.909999999999993037e-01 7.210000000000000853e-01  2.457677369400000200e+06
 9.083922906115731166e-01 5.950000000000006395e-01 7.320000000000010942e-01  2.457677371439999901e+06
 9.122550214240163768e-01 6.120000000000000995e-01 7.010000000000005116e-01  2.457677373339999933e+06
 9.164227050926001539e-01 6.250000000000000000e-01 7.169999999999987494e-01  2.457677375390000176e+06
 9.202447752718398988e-01 6.419999999999994600e-01 7.270000000000003126e-01  2.457677377270000055e+06
 9.241075060842831590e-01 6.470000000000002416e-01 7.119999999999997442e-01  2.457677379170000087e+06
 9.279499065801246616e-01 6.519999999999992468e-01 7.149999999999998579e-01  2.457677381060000043e+06
 9.318126373925679218e-01 6.899999999999995026e-01 7.270000000000003126e-01  2.457677382960000075e+06
 9.362852729705082311e-01 6.789999999999984936e-01 7.129999999999991900e-01  2.457677385160000063e+06
 9.403919656890593615e-01 7.130000000000009663e-01 7.230000000000007532e-01  2.457677387180000078e+06
 9.445393180942573963e-01 7.100000000000008527e-01 7.129999999999991900e-01  2.457677389219999779e+06
 9.484020489069280302e-01 7.279999999999997584e-01 7.210000000000000853e-01  2.457677391119999811e+06
 9.525290719420809182e-01 7.169999999999987494e-01 7.059999999999995168e-01  2.457677393149999902e+06
 9.564121330711259361e-01 7.240000000000001990e-01 7.170000000000005258e-01  2.457677395060000010e+06
 9.602951942003983277e-01 7.270000000000003126e-01 7.159999999999993037e-01  2.457677396970000118e+06
 9.641579250128415879e-01 7.489999999999987779e-01 7.169999999999987494e-01  2.457677398870000150e+06
 9.680409851951026212e-01 7.440000000000015490e-01 7.130000000000009663e-01  2.457677400779999793e+06
 9.725949420396773348e-01 7.320000000000010942e-01 7.130000000000009663e-01  2.457677403020000085e+06
 9.771692282540698216e-01 7.229999999999989768e-01 7.169999999999987494e-01  2.457677405269999988e+06
 9.815808738287614688e-01 7.389999999999989910e-01 7.219999999999995310e-01  2.457677407440000214e+06
 9.860128487734982627e-01 7.150000000000016342e-01 7.120000000000015206e-01  2.457677409620000049e+06
 9.902618527619324595e-01 6.859999999999999432e-01 7.019999999999999574e-01  2.457677411710000131e+06
 9.947344883398727688e-01 6.850000000000004974e-01 7.110000000000002984e-01  2.457677413910000119e+06
 9.990851429647591431e-01 6.879999999999988347e-01 7.029999999999994031e-01  2.457677416050000116e+06
 3.232495369957177900e-03 6.530000000000004690e-01 7.100000000000008527e-01  2.457677418089999817e+06
 7.623810628047067439e-03 6.410000000000000142e-01 7.069999999999989626e-01  2.457677420249999966e+06
 1.179149429663084447e-02 6.389999999999993463e-01 7.119999999999997442e-01  2.457677422300000209e+06
 1.618280860793674947e-02 6.339999999999985647e-01 7.050000000000000711e-01  2.457677424459999893e+06
 2.051313291622136603e-02 6.240000000000005542e-01 7.130000000000009663e-01  2.457677426589999814e+06
 2.484345817106259346e-02 6.089999999999999858e-01 7.080000000000001847e-01  2.457677428720000200e+06
 2.913312184614369471e-02 5.839999999999996305e-01 7.149999999999998579e-01  2.457677430829999968e+06
 3.348377647103006893e-02 5.589999999999992752e-01 7.010000000000005116e-01  2.457677432969999965e+06
 3.750914886973077955e-02 5.540000000000002700e-01 7.050000000000000711e-01  2.457677434950000141e+06
 4.157518095507839462e-02 5.289999999999999147e-01 7.099999999999990763e-01  2.457677436950000003e+06
 4.562088272382425203e-02 5.420000000000015916e-01 7.140000000000004121e-01  2.457677438939999789e+06
 4.960559448954882100e-02 5.179999999999989058e-01 7.110000000000002984e-01  2.457677440899999812e+06
 5.363096688824953162e-02 5.060000000000002274e-01 7.160000000000010800e-01  2.457677442879999988e+06
 5.765633928717761592e-02 4.949999999999992184e-01 7.069999999999989626e-01  2.457677444860000163e+06
 6.172237137252523098e-02 4.809999999999998721e-01 7.109999999999985221e-01  2.457677446860000025e+06
 6.578840345787284605e-02 4.909999999999996589e-01 7.149999999999998579e-01  2.457677448859999888e+06
 6.983410617340268800e-02 4.420000000000001705e-01 7.119999999999997442e-01  2.457677450850000139e+06
 7.416443048168730456e-02 4.390000000000000568e-01 7.009999999999987352e-01  2.457677452980000060e+06
 7.827112320023843495e-02 4.359999999999999432e-01 7.119999999999997442e-01  2.457677455000000075e+06
 8.256078687531953619e-02 4.100000000000001421e-01 7.019999999999999574e-01  2.457677457109999843e+06
 8.666747959387066658e-02 4.209999999999993747e-01 7.089999999999996305e-01  2.457677459129999857e+06
 9.103846453535879846e-02 4.290000000000002700e-01 7.099999999999990763e-01  2.457677461279999930e+06
 9.526713820719123760e-02 3.989999999999991331e-01 7.099999999999990763e-01  2.457677463359999936e+06
 9.943482187577501463e-02 4.130000000000002558e-01 7.190000000000011937e-01  2.457677465410000179e+06
 1.035821742809730495e-01 4.039999999999999147e-01 7.240000000000001990e-01  2.457677467449999880e+06
 1.079328289056320500e-01 3.919999999999994600e-01 7.089999999999996305e-01  2.457677469589999877e+06
 1.121005125742158270e-01 3.900000000000005684e-01 7.040000000000006253e-01  2.457677471640000120e+06
 1.163291862460482662e-01 3.740000000000005542e-01 7.130000000000009663e-01  2.457677473720000125e+06
 1.207611611907850602e-01 3.609999999999988773e-01 7.110000000000002984e-01  2.457677475899999961e+06
 1.251321461322731921e-01 3.499999999999996447e-01 7.109999999999985221e-01  2.457677478050000034e+06
 1.293608198038782575e-01 3.450000000000006395e-01 6.870000000000011653e-01  2.457677480130000040e+06
 2.622590878181654261e-01 3.399999999999998579e-01 7.220000000000013074e-01  2.457678037380000111e+06
 2.669756853022136056e-01 3.479999999999989768e-01 7.259999999999990905e-01  2.457678039700000081e+06
 2.715703018332078500e-01 3.500000000000014211e-01 7.220000000000013074e-01  2.457678041960000060e+06
 2.761649183642020944e-01 3.420000000000005258e-01 7.210000000000000853e-01  2.457678044220000040e+06
 2.807798652120254701e-01 3.529999999999997584e-01 7.199999999999988631e-01  2.457678046490000095e+06
 2.857200942855797621e-01 3.680000000000003268e-01 7.129999999999991900e-01  2.457678048919999972e+06
 2.901927298635200714e-01 3.650000000000002132e-01 7.100000000000008527e-01  2.457678051119999960e+06
 2.947873463947416894e-01 3.729999999999993321e-01 7.179999999999999716e-01  2.457678053379999939e+06
 2.992803122892837564e-01 3.750000000000000000e-01 7.150000000000016342e-01  2.457678055590000004e+06
 3.039765794567301782e-01 3.810000000000002274e-01 7.189999999999994174e-01  2.457678057899999898e+06
 3.086728466241766000e-01 3.860000000000010090e-01 7.040000000000006253e-01  2.457678060209999792e+06
 3.131048225156973785e-01 3.990000000000009095e-01 7.210000000000000853e-01  2.457678062390000094e+06
 3.177197693632933806e-01 4.060000000000005826e-01 7.249999999999996447e-01  2.457678064660000149e+06
 3.227006590702785616e-01 4.160000000000003695e-01 7.110000000000002984e-01  2.457678067110000178e+06
 3.275798971940275806e-01 4.149999999999991473e-01 7.169999999999987494e-01  2.457678069509999827e+06
 3.317475808626113576e-01 4.250000000000007105e-01 7.110000000000002984e-01  2.457678071560000069e+06
 3.357932826313572150e-01 4.420000000000001705e-01 7.140000000000004121e-01  2.457678073549999855e+06
 3.398389853468870569e-01 4.400000000000012790e-01 7.190000000000011937e-01  2.457678075540000107e+06
 3.443116209248273663e-01 4.450000000000002842e-01 7.219999999999995310e-01  2.457678077740000095e+06
 3.485809542830793362e-01 4.469999999999991758e-01 7.169999999999987494e-01  2.457678079839999788e+06
 3.530129301743727410e-01 4.610000000000002984e-01 7.159999999999993037e-01  2.457678082020000089e+06
 3.574855657523130503e-01 4.760000000000008669e-01 7.190000000000011937e-01  2.457678084220000077e+06
 3.618362203771994245e-01 4.929999999999985505e-01 7.229999999999989768e-01  2.457678086360000074e+06
 3.659429130959779286e-01 4.979999999999993321e-01 7.189999999999994174e-01  2.457678088380000088e+06
 3.702529070874334138e-01 5.099999999999997868e-01 7.210000000000000853e-01  2.457678090499999933e+06
 3.743189391727810289e-01 5.089999999999985647e-01 7.149999999999998579e-01  2.457678092499999795e+06
 3.783443115717091132e-01 5.090000000000003411e-01 7.110000000000002984e-01  2.457678094479999971e+06
 3.823696839704098238e-01 5.329999999999994742e-01 7.140000000000004121e-01  2.457678096460000146e+06
 3.863950554225539236e-01 5.389999999999997016e-01 7.129999999999991900e-01  2.457678098439999856e+06
 3.906847200441916357e-01 5.530000000000008242e-01 7.160000000000010800e-01  2.457678100550000090e+06
 3.947304218131648668e-01 5.649999999999995026e-01 7.039999999999988489e-01  2.457678102539999876e+06
 3.987557942118655774e-01 5.800000000000000711e-01 7.170000000000005258e-01  2.457678104520000052e+06
 4.030251285169015318e-01 5.869999999999997442e-01 7.149999999999998579e-01  2.457678106620000210e+06
 4.072334718721322133e-01 6.100000000000012079e-01 7.089999999999996305e-01  2.457678108690000139e+06
 4.112588433242763131e-01 6.120000000000000995e-01 7.110000000000002984e-01  2.457678110669999849e+06
 4.154265269926327164e-01 6.289999999999995595e-01 7.130000000000009663e-01  2.457678112720000092e+06
 4.196348703478633979e-01 6.449999999999995737e-01 7.179999999999999716e-01  2.457678114790000021e+06
 4.238228833862649481e-01 6.449999999999995737e-01 7.119999999999997442e-01  2.457678116849999875e+06
 4.283158492808070150e-01 6.679999999999992610e-01 7.069999999999989626e-01  2.457678119059999939e+06
 4.324835329493907921e-01 6.730000000000000426e-01 7.130000000000009663e-01  2.457678121110000182e+06
 4.369968282139780058e-01 6.929999999999996163e-01 7.140000000000004121e-01  2.457678123329999857e+06
 4.412255018858104449e-01 6.950000000000002842e-01 7.190000000000011937e-01  2.457678125409999862e+06
 4.455354968240499147e-01 7.069999999999989626e-01 7.189999999999994174e-01  2.457678127530000173e+06
 4.498048301823018846e-01 7.119999999999997442e-01 7.170000000000005258e-01  2.457678129629999865e+06
 4.540741644873378391e-01 7.210000000000000853e-01 7.129999999999991900e-01  2.457678131730000023e+06
 4.586077900685268105e-01 7.170000000000005258e-01 7.110000000000002984e-01  2.457678133959999774e+06
 4.628364637403592496e-01 7.370000000000000995e-01 7.110000000000002984e-01  2.457678136039999779e+06
 4.673294296349013166e-01 7.309999999999998721e-01 7.159999999999993037e-01  2.457678138249999844e+06
 4.716394245731407864e-01 7.309999999999998721e-01 7.140000000000004121e-01  2.457678140370000154e+06
 4.758884276147909986e-01 7.330000000000005400e-01 7.230000000000007532e-01  2.457678142459999770e+06
 4.801374316032251954e-01 7.309999999999998721e-01 7.189999999999994174e-01  2.457678144549999852e+06
 4.847727087674229551e-01 7.139999999999986358e-01 7.029999999999994031e-01  2.457678146829999983e+06
 4.894689759350967506e-01 7.129999999999991900e-01 7.189999999999994174e-01  2.457678149139999878e+06
 4.941652431025431724e-01 7.000000000000010658e-01 7.220000000000013074e-01  2.457678151449999772e+06
 4.991054731228814489e-01 6.850000000000004974e-01 7.159999999999993037e-01  2.457678153880000114e+06
 5.040457021966631146e-01 6.749999999999989342e-01 7.110000000000002984e-01  2.457678156309999991e+06
 5.095348460324657935e-01 6.689999999999987068e-01 7.139999999999986358e-01  2.457678159010000061e+06
 5.141904525667087000e-01 6.590000000000006963e-01 7.210000000000000853e-01  2.457678161299999803e+06
 5.187037487780798983e-01 6.420000000000012363e-01 7.080000000000001847e-01  2.457678163519999944e+06
 5.234000159455263201e-01 6.359999999999992326e-01 7.129999999999991900e-01  2.457678165829999838e+06
 5.277913312036162097e-01 6.250000000000000000e-01 7.179999999999999716e-01  2.457678167989999987e+06
 5.322436364649547613e-01 6.109999999999988773e-01 7.140000000000004121e-01  2.457678170179999899e+06
 5.367772629927003436e-01 5.889999999999986358e-01 7.219999999999995310e-01  2.457678172410000116e+06
 5.413108885738893150e-01 5.750000000000010658e-01 7.170000000000005258e-01  2.457678174639999866e+06
 5.458038544684313820e-01 5.640000000000000568e-01 7.210000000000000853e-01  2.457678176849999931e+06
 5.503781406828238687e-01 5.570000000000003837e-01 7.160000000000010800e-01  2.457678179099999834e+06
 5.551760594335064525e-01 5.449999999999999289e-01 7.100000000000008527e-01  2.457678181460000109e+06
 5.596690253280485194e-01 5.419999999999998153e-01 7.160000000000010800e-01  2.457678183670000173e+06
 5.642026509092374909e-01 5.339999999999989200e-01 7.289999999999992042e-01  2.457678185899999924e+06
 5.686549561705760425e-01 5.139999999999993463e-01 7.119999999999997442e-01  2.457678188089999836e+06
 5.732495727015702869e-01 5.049999999999990052e-01 7.189999999999994174e-01  2.457678190349999815e+06
 5.774579170033575792e-01 4.910000000000014353e-01 7.149999999999998579e-01  2.457678192420000210e+06
 5.817069200450077915e-01 4.830000000000005400e-01 7.190000000000011937e-01  2.457678194509999827e+06
 5.858949340301933262e-01 4.690000000000011937e-01 7.170000000000005258e-01  2.457678196570000146e+06
 5.903065786583283625e-01 4.719999999999995310e-01 7.200000000000006395e-01  2.457678198739999905e+06
 5.945149220135590440e-01 4.489999999999998437e-01 7.090000000000014069e-01  2.457678200809999835e+06
 5.987029359987445787e-01 4.439999999999990621e-01 7.089999999999996305e-01  2.457678202870000154e+06
 6.028706187205443712e-01 4.380000000000006111e-01 7.089999999999996305e-01  2.457678204919999931e+06
 6.067536798495893891e-01 4.340000000000010516e-01 7.170000000000005258e-01  2.457678206830000039e+06
 6.109416928882183129e-01 4.190000000000004832e-01 7.069999999999989626e-01  2.457678208889999893e+06
 6.150280552901676856e-01 4.080000000000012506e-01 7.110000000000002984e-01  2.457678210899999831e+06
 6.192160692753532203e-01 4.019999999999992468e-01 7.059999999999995168e-01  2.457678212960000150e+06
 6.231194597744433850e-01 4.039999999999999147e-01 7.100000000000008527e-01  2.457678214879999869e+06
 6.270635118532936758e-01 4.010000000000015774e-01 7.110000000000002984e-01  2.457678216820000205e+06
 6.312921855251261150e-01 3.949999999999995737e-01 7.170000000000005258e-01  2.457678218900000211e+06
 6.351752457076145220e-01 3.900000000000005684e-01 7.150000000000016342e-01  2.457678220809999853e+06
 6.498536226056330634e-01 3.599999999999994316e-01 7.039999999999988489e-01  2.457678228029999882e+06
 2.916158410873777029e-01 3.730000000000011084e-01 6.960000000000015064e-01  2.457679035579999909e+06
 2.952752706269166083e-01 3.800000000000007816e-01 7.160000000000010800e-01  2.457679037380000111e+06
 2.990770104895545956e-01 3.729999999999993321e-01 7.019999999999999574e-01  2.457679039249999914e+06
 3.029194109853960981e-01 3.810000000000002274e-01 7.119999999999997442e-01  2.457679041139999870e+06
 3.067618114812376007e-01 3.910000000000000142e-01 7.130000000000009663e-01  2.457679043029999826e+06
 3.105838826070339564e-01 4.000000000000003553e-01 7.069999999999989626e-01  2.457679044910000172e+06
 3.144262831028754590e-01 4.080000000000012506e-01 7.120000000000015206e-01  2.457679046800000127e+06
 3.182076926489116886e-01 4.160000000000003695e-01 7.280000000000015348e-01  2.457679048659999855e+06
 3.220704234613549488e-01 4.169999999999998153e-01 7.000000000000010658e-01  2.457679050559999887e+06
 3.258924945871513046e-01 4.190000000000004832e-01 7.010000000000005116e-01  2.457679052440000232e+06
 3.335366349456307944e-01 4.240000000000030411e-01 7.070000000000007390e-01  2.457679056199999992e+06
 3.373383748082687816e-01 4.239999999999994884e-01 6.890000000000000568e-01  2.457679058069999795e+06
