2.457673053869999945e+06 1.307026102920190169e-01 -7.999999999999118927e-03 7.509999999999976694e-01
2.457673056669999845e+06 1.363950554009534244e-01 3.000000000000113687e-03 7.370000000000000995e-01
2.457673063500000164e+06 1.502805565771723195e-01 2.299999999999968736e-02 7.579999999999991189e-01
2.457673065500000026e+06 1.543465886625199346e-01 3.200000000000002842e-02 7.370000000000000995e-01
2.457673067480000202e+06 1.583719610614480189e-01 2.400000000000090949e-02 7.469999999999981100e-01
2.457673069500000216e+06 1.624786537799991493e-01 3.599999999999958789e-02 7.540000000000013358e-01
2.457673071339999791e+06 1.662194026926044899e-01 3.500000000000014211e-02 7.549999999999990052e-01
2.457673073330000043e+06 1.702651054081343318e-01 4.300000000000103739e-02 7.469999999999981100e-01
2.457673075199999847e+06 1.740668452707723191e-01 5.300000000000082423e-02 7.329999999999987637e-01
2.457673078929999843e+06 1.816499956260031468e-01 4.800000000000004263e-02 7.450000000000009948e-01
2.457673080800000113e+06 1.854517364351977449e-01 5.499999999999971578e-02 7.489999999999987779e-01
2.457673082669999916e+06 1.892534762978357321e-01 5.099999999999837996e-02 7.469999999999998863e-01
2.457673084569999948e+06 1.931162071102789923e-01 5.299999999999904787e-02 7.370000000000018758e-01
2.457673086409999989e+06 1.968569569696683175e-01 4.199999999999981526e-02 7.520000000000006679e-01
2.457673088229999878e+06 2.005570461956267536e-01 6.000000000000049738e-02 7.429999999999985505e-01
2.457673090069999918e+06 2.042977960550160788e-01 6.200000000000116529e-02 7.299999999999986500e-01
2.457673091889999807e+06 2.079978852812018886e-01 5.599999999999916156e-02 7.420000000000008811e-01
2.457673093739999924e+06 2.117589654571929714e-01 5.799999999999982947e-02 7.439999999999997726e-01
2.457673095569999889e+06 2.154793849999805389e-01 5.500000000000149214e-02 7.509999999999994458e-01
2.457673097409999929e+06 2.192201348593698640e-01 6.000000000000049738e-02 7.500000000000000000e-01
2.457673099229999818e+06 2.229202240855556738e-01 4.500000000000170530e-02 7.509999999999994458e-01
2.457673100949999876e+06 2.264170120386097551e-01 5.400000000000027001e-02 7.539999999999995595e-01
2.457673102690000087e+06 2.299544606250947254e-01 5.499999999999971578e-02 7.500000000000017764e-01
2.457673104379999917e+06 2.333902576283435337e-01 5.400000000000027001e-02 7.490000000000005542e-01
2.457673106219999958e+06 2.371310074877328589e-01 4.499999999999992895e-02 7.449999999999992184e-01
2.457673108029999770e+06 2.408107663973169110e-01 4.600000000000115108e-02 7.419999999999991047e-01
2.457673109869999811e+06 2.445515162567062362e-01 3.899999999999970157e-02 7.519999999999988916e-01
2.457673111659999937e+06 2.481906154794160102e-01 4.900000000000126477e-02 7.459999999999986642e-01
2.457673113439999986e+06 2.518093843857514003e-01 3.499999999999836575e-02 7.520000000000006679e-01
2.457673115259999875e+06 2.555094736119372101e-01 3.999999999999914735e-02 7.439999999999997726e-01
2.457673117070000153e+06 2.591892334680778731e-01 3.500000000000014211e-02 7.420000000000008811e-01
2.457673118919999804e+06 2.629503126972849714e-01 3.699999999999903366e-02 7.530000000000001137e-01
2.457673120620000176e+06 2.664064409639195219e-01 2.299999999999968736e-02 7.510000000000012221e-01
2.457673122429999989e+06 2.700861998735035741e-01 1.400000000000112266e-02 7.490000000000005542e-01
2.457673124220000114e+06 2.737252990964407218e-01 1.999999999999957367e-02 7.600000000000015632e-01
2.457673126050000079e+06 2.774457186392282892e-01 2.099999999999901945e-02 7.540000000000013358e-01
2.457673129980000202e+06 2.854354724868244375e-01 1.100000000000100897e-02 7.469999999999981100e-01
2.457673131670000032e+06 2.888712694900732458e-01 8.000000000000895284e-03 7.490000000000005542e-01
2.457673142059999984e+06 3.099943075324063102e-01 -3.599999999999958789e-02 7.430000000000003268e-01
2.457673145680000074e+06 3.173538262979036517e-01 -3.400000000000069633e-02 7.550000000000007816e-01
2.457673147479999810e+06 3.210132548908859462e-01 -4.199999999999981526e-02 7.570000000000014495e-01
2.457673149300000165e+06 3.247133450636283669e-01 -7.600000000000051159e-02 7.589999999999985647e-01
2.457673151010000147e+06 3.281898027000806906e-01 -6.099999999999994316e-02 7.560000000000002274e-01
2.457673152819999959e+06 3.318695616096647427e-01 -7.300000000000039790e-02 7.519999999999988916e-01
2.457673154649999924e+06 3.355899811524523102e-01 -6.099999999999994316e-02 7.449999999999992184e-01
2.457673156429999974e+06 3.392087500587877003e-01 -8.799999999999918998e-02 7.490000000000005542e-01
2.457673158270000014e+06 3.429494999179496517e-01 -9.200000000000052580e-02 7.530000000000001137e-01
2.457673160070000216e+06 3.466089294574885571e-01 -1.059999999999998721e-01 7.490000000000005542e-01
2.457673161869999953e+06 3.502683580504708516e-01 -1.030000000000015348e-01 7.550000000000007816e-01
2.457673163680000231e+06 3.539481179066115146e-01 -1.080000000000005400e-01 7.510000000000012221e-01
2.457673165479999967e+06 3.576075464993664355e-01 -1.260000000000012221e-01 7.500000000000000000e-01
2.457673167289999779e+06 3.612873054089504876e-01 -1.400000000000005684e-01 7.439999999999997726e-01
2.457673169120000210e+06 3.650077258982946660e-01 -1.359999999999992326e-01 7.379999999999995453e-01
2.457673170909999870e+06 3.686468241746752028e-01 -1.630000000000002558e-01 7.429999999999985505e-01
2.457673172720000148e+06 3.723265840308158658e-01 -1.649999999999991473e-01 7.469999999999998863e-01
2.457673174529999960e+06 3.760063429401725443e-01 -1.799999999999997158e-01 7.449999999999992184e-01
2.457673176349999849e+06 3.797064321663583542e-01 -1.819999999999986073e-01 7.479999999999993321e-01
2.457673178160000127e+06 3.833861920224990172e-01 -2.019999999999999574e-01 7.580000000000008953e-01
2.457673179980000015e+06 3.870862812486848270e-01 -2.069999999999989626e-01 7.469999999999998863e-01
2.457673181780000217e+06 3.907457107882237324e-01 -2.189999999999994174e-01 7.469999999999998863e-01
2.457673183600000106e+06 3.944458000144095422e-01 -2.299999999999986500e-01 7.360000000000006537e-01
2.457673185409999918e+06 3.981255589237662207e-01 -2.379999999999995453e-01 7.439999999999997726e-01
2.457673187220000196e+06 4.018053187799068837e-01 -2.599999999999997868e-01 7.500000000000000000e-01
2.457673188999999780e+06 4.054240867394582892e-01 -2.679999999999989058e-01 7.399999999999984368e-01
2.457673190830000211e+06 4.091445072290298413e-01 -2.730000000000014637e-01 7.370000000000000995e-01
2.457673192739999853e+06 4.130275674112908746e-01 -2.940000000000004832e-01 7.469999999999998863e-01
2.457673194579999894e+06 4.167683172706801997e-01 -2.980000000000000426e-01 7.510000000000012221e-01
2.457673196399999782e+06 4.204684064968660095e-01 -2.989999999999994884e-01 7.449999999999992184e-01
2.457673198210000060e+06 4.241481663530066726e-01 -3.099999999999987210e-01 7.449999999999992184e-01
2.457673200029999949e+06 4.278482555791924824e-01 -3.239999999999998437e-01 7.439999999999997726e-01
2.457673201830000151e+06 4.315076851187313878e-01 -3.409999999999993037e-01 7.539999999999995595e-01
2.457673203629999887e+06 4.351671137114863086e-01 -3.469999999999995310e-01 7.530000000000001137e-01
2.457673205440000165e+06 4.388468735676269716e-01 -3.520000000000003126e-01 7.480000000000011084e-01
2.457673207239999902e+06 4.425063021606092661e-01 -3.580000000000005400e-01 7.500000000000000000e-01
2.457673209040000103e+06 4.461657317001481715e-01 -3.659999999999996589e-01 7.460000000000004405e-01
2.457673220290000085e+06 4.690371637188945897e-01 -3.979999999999996874e-01 7.520000000000006679e-01
2.457673222029999830e+06 4.725746113585955754e-01 -3.840000000000003411e-01 7.389999999999989910e-01
2.457673223720000125e+06 4.760104093086283683e-01 -3.680000000000003268e-01 7.249999999999996447e-01
2.457673257499999832e+06 5.446856953678889113e-01 -2.029999999999994031e-01 7.469999999999998863e-01
2.457673259339999873e+06 5.484264452272782364e-01 -1.920000000000001705e-01 7.450000000000009948e-01
2.457673261140000075e+06 5.520858747668171418e-01 -1.829999999999998295e-01 7.439999999999997726e-01
2.457673262970000040e+06 5.558062943096047093e-01 -1.680000000000010374e-01 7.409999999999996589e-01
2.457673264810000081e+06 5.595470441689940344e-01 -1.639999999999997016e-01 7.309999999999998721e-01
2.457673266629999969e+06 5.632471333951798442e-01 -1.600000000000001421e-01 7.390000000000007674e-01
2.457673268459999934e+06 5.669675529379674117e-01 -1.509999999999998010e-01 7.349999999999994316e-01
2.457673270289999899e+06 5.706879724805276055e-01 -1.469999999999984652e-01 7.379999999999995453e-01
2.457673272090000100e+06 5.743474020200665109e-01 -1.430000000000006821e-01 7.430000000000003268e-01
2.457673273949999828e+06 5.781288115661027405e-01 -1.199999999999992184e-01 7.339999999999999858e-01
2.457673275729999878e+06 5.817475804724381305e-01 -1.239999999999987779e-01 7.439999999999997726e-01
2.457673277550000232e+06 5.854476706451805512e-01 -1.100000000000012079e-01 7.400000000000002132e-01
2.457673279509999789e+06 5.894323814641211357e-01 -1.059999999999998721e-01 7.409999999999996589e-01
2.457673281250000000e+06 5.929698300506061059e-01 -9.399999999999941735e-02 7.389999999999989910e-01
2.457673285010000225e+06 6.006139713556422066e-01 -9.999999999999964473e-02 7.750000000000003553e-01
2.457673286720000207e+06 6.040904289920945303e-01 -8.000000000000007105e-02 7.550000000000007816e-01
2.457673288579999935e+06 6.078718385381307598e-01 -7.300000000000039790e-02 7.490000000000005542e-01
2.457673290500000119e+06 6.117752299837775354e-01 -7.200000000000095213e-02 7.650000000000005684e-01
2.457673292429999914e+06 6.156989507994694577e-01 -6.299999999999883471e-02 7.549999999999990052e-01
2.457673294340000022e+06 6.195820119285144756e-01 -5.899999999999927525e-02 7.619999999999986784e-01
2.457673296260000207e+06 6.234854033743886248e-01 -5.199999999999960210e-02 7.569999999999996732e-01
2.457673298179999925e+06 6.273887938734787895e-01 -4.400000000000048317e-02 7.710000000000007958e-01
2.457673300079999957e+06 6.312515246859220497e-01 -4.700000000000059686e-02 7.680000000000006821e-01
2.457673302000000142e+06 6.351549161315688252e-01 -3.599999999999958789e-02 7.510000000000012221e-01
2.457673303900000174e+06 6.390176469440120854e-01 -3.700000000000081002e-02 7.660000000000000142e-01
2.457673305819999892e+06 6.429210374431022501e-01 -2.399999999999913314e-02 7.489999999999987779e-01
2.457673307730000000e+06 6.468040985721472680e-01 -1.999999999999957367e-02 7.509999999999994458e-01
2.457673309630000032e+06 6.506668293845905282e-01 -1.999999999999957367e-02 7.699999999999995737e-01
2.457673311559999827e+06 6.545905502002824505e-01 -1.200000000000045475e-02 7.500000000000000000e-01
2.457673313459999859e+06 6.584532810127257108e-01 -6.000000000000227374e-03 7.670000000000012363e-01
2.457673315429999959e+06 6.624583230950520374e-01 -3.000000000000113687e-03 7.510000000000012221e-01
2.457673317309999838e+06 6.662803932742917823e-01 3.000000000000113687e-03 7.590000000000003411e-01
2.457673319219999947e+06 6.701634544033368002e-01 8.000000000000895284e-03 7.599999999999997868e-01
2.457673321130000055e+06 6.740465155323818180e-01 1.600000000000001421e-02 7.569999999999996732e-01
2.457673323080000002e+06 6.780108969812772557e-01 6.999999999999673150e-03 7.610000000000010090e-01
2.457673324990000110e+06 6.818939581103222736e-01 1.699999999999945999e-02 7.509999999999994458e-01
2.457673326919999905e+06 6.858176789260141959e-01 2.199999999999846523e-02 7.580000000000008953e-01
2.457673328819999937e+06 6.896804097384574561e-01 1.600000000000001421e-02 7.699999999999995737e-01
2.457673330750000197e+06 6.936041315009333630e-01 2.700000000000102318e-02 7.609999999999992326e-01
2.457673332690000068e+06 6.975481826332270430e-01 2.200000000000024158e-02 7.580000000000008953e-01
2.457673334619999863e+06 7.014719034489189653e-01 3.200000000000002842e-02 7.590000000000003411e-01
2.457673336660000030e+06 7.056192568009009847e-01 3.200000000000002842e-02 7.620000000000022311e-01
2.457673338580000214e+06 7.095226482465477602e-01 3.599999999999958789e-02 7.490000000000023306e-01
2.457673340600000229e+06 7.136293409653262643e-01 3.400000000000069633e-02 7.689999999999983515e-01
2.457673342660000082e+06 7.178173540037278144e-01 4.100000000000036948e-02 7.599999999999997868e-01
2.457673344599999953e+06 7.217614051360214944e-01 3.999999999999914735e-02 7.539999999999995595e-01
2.457673346520000137e+06 7.256647965816682699e-01 3.700000000000081002e-02 7.519999999999988916e-01
2.457673348520000000e+06 7.297308286672432587e-01 4.100000000000036948e-02 7.530000000000001137e-01
2.457673350589999929e+06 7.339391720222465665e-01 4.499999999999992895e-02 7.539999999999995595e-01
2.457673352640000172e+06 7.381068556908303435e-01 3.699999999999903366e-02 7.620000000000004547e-01
2.457673354559999891e+06 7.420102461899205082e-01 3.099999999999880629e-02 7.599999999999997868e-01
2.457673356509999838e+06 7.459746276388159458e-01 3.899999999999970157e-02 7.600000000000015632e-01
2.457673358419999946e+06 7.498576887678609637e-01 3.100000000000058265e-02 7.549999999999990052e-01
2.457673360340000130e+06 7.537610802137351129e-01 3.200000000000002842e-02 7.660000000000000142e-01
2.457673362259999849e+06 7.576644707125979039e-01 2.500000000000035527e-02 7.560000000000002274e-01
2.457673364190000109e+06 7.615881924750738108e-01 2.899999999999991473e-02 7.530000000000001137e-01
2.457673366100000218e+06 7.654712536041188287e-01 3.299999999999947420e-02 7.550000000000007816e-01
2.457673368030000012e+06 7.693949744198107510e-01 2.899999999999991473e-02 7.590000000000003411e-01
2.457673369940000121e+06 7.732780355488557689e-01 1.600000000000001421e-02 7.589999999999985647e-01
2.457673371859999839e+06 7.771814260479459335e-01 1.600000000000001421e-02 7.649999999999987921e-01
2.457673373790000100e+06 7.811051478101944667e-01 9.000000000000341061e-03 7.529999999999983373e-01
2.457673375719999894e+06 7.850288686258863891e-01 -1.000000000001222134e-03 7.680000000000006821e-01
2.457673377720000222e+06 7.890949016580179887e-01 3.999999999999559464e-03 7.599999999999997868e-01
2.457673379650000017e+06 7.930186224737099110e-01 5.000000000000781597e-03 7.409999999999996589e-01
2.457673381560000125e+06 7.969016836027549289e-01 3.999999999999559464e-03 7.440000000000015490e-01
2.457673383510000072e+06 8.008660650516503665e-01 -5.000000000000781597e-03 7.610000000000010090e-01
2.457673385420000181e+06 8.047491261809227581e-01 -6.999999999999673150e-03 7.539999999999995595e-01
2.457673387339999899e+06 8.086525166797855491e-01 -1.399999999999934630e-02 7.619999999999986784e-01
2.457673389260000084e+06 8.125559081256596983e-01 -1.299999999999990052e-02 7.520000000000006679e-01
2.457673391179999802e+06 8.164592986247498629e-01 -2.399999999999913314e-02 7.469999999999998863e-01
2.457673393089999910e+06 8.203423597537948808e-01 -3.100000000000058265e-02 7.400000000000002132e-01
2.457673395000000019e+06 8.242254208828398987e-01 -3.300000000000125056e-02 7.540000000000013358e-01
2.457673396929999813e+06 8.281491416985318210e-01 -4.900000000000126477e-02 7.600000000000015632e-01
2.457673398949999828e+06 8.322558344173103251e-01 -5.499999999999971578e-02 7.660000000000000142e-01
2.457673400960000232e+06 8.363421977658163087e-01 -6.199999999999938893e-02 7.649999999999987921e-01
2.457673402879999951e+06 8.402455882649064733e-01 -6.499999999999950262e-02 7.639999999999975699e-01
2.457673404790000059e+06 8.441286493939514912e-01 -7.900000000000062528e-02 7.590000000000003411e-01
2.457673406729999930e+06 8.480727005264725449e-01 -8.900000000000041211e-02 7.590000000000003411e-01
2.457673408650000114e+06 8.519760919721193204e-01 -7.900000000000062528e-02 7.610000000000010090e-01
2.457673410579999909e+06 8.558998127878112427e-01 -1.089999999999999858e-01 7.669999999999994600e-01
2.457673412490000017e+06 8.597828739168562606e-01 -1.140000000000007674e-01 7.560000000000002274e-01
2.457673414419999812e+06 8.637065947325481829e-01 -1.109999999999988773e-01 7.530000000000001137e-01
2.457673416329999920e+06 8.675896558615932008e-01 -1.080000000000005400e-01 7.490000000000005542e-01
2.457673418250000104e+06 8.714930473074673500e-01 -1.230000000000011084e-01 7.500000000000000000e-01
2.457673420150000136e+06 8.753557781199106103e-01 -1.250000000000000000e-01 7.349999999999994316e-01
2.457673422059999779e+06 8.792388383021716436e-01 -1.379999999999999005e-01 7.449999999999992184e-01
2.457673423969999887e+06 8.831218994314440351e-01 -1.410000000000000142e-01 7.330000000000005400e-01
2.457673425910000224e+06 8.870659515102943260e-01 -1.680000000000010374e-01 7.350000000000012079e-01
2.457673431880000047e+06 8.992030577633158828e-01 -1.809999999999991616e-01 7.309999999999980957e-01
2.457673440429999959e+06 9.165853459460322483e-01 -2.520000000000006679e-01 7.440000000000015490e-01
2.457673442329999991e+06 9.204480767584755085e-01 -2.710000000000007958e-01 7.459999999999986642e-01
2.457673444259999786e+06 9.243717975741674309e-01 -2.750000000000003553e-01 7.300000000000004263e-01
2.457673446169999894e+06 9.282548587034398224e-01 -2.970000000000005969e-01 7.439999999999997726e-01
2.457673448080000002e+06 9.321379198324848403e-01 -3.089999999999992752e-01 7.289999999999992042e-01
2.457673449990000110e+06 9.360209809615298582e-01 -3.260000000000005116e-01 7.440000000000015490e-01
2.457673451900000218e+06 9.399040420905748761e-01 -3.439999999999994174e-01 7.539999999999995595e-01
2.457673453840000089e+06 9.438480932228685560e-01 -3.470000000000013074e-01 7.469999999999998863e-01
2.457673455699999817e+06 9.476295027689047856e-01 -3.499999999999996447e-01 7.530000000000001137e-01
2.457673457620000001e+06 9.515328942145515612e-01 -3.569999999999993179e-01 7.460000000000004405e-01
2.457673459540000185e+06 9.554362856604257104e-01 -3.610000000000006537e-01 7.370000000000000995e-01
2.457673461529999971e+06 9.594819874291715678e-01 -3.750000000000000000e-01 7.279999999999997584e-01
2.457673463549999986e+06 9.635886801477226982e-01 -3.770000000000006679e-01 7.390000000000007674e-01
2.457673465460000094e+06 9.674717412767677160e-01 -3.629999999999995453e-01 7.279999999999997584e-01
2.457673467389999889e+06 9.713954620924596384e-01 -3.740000000000005542e-01 7.469999999999998863e-01
2.457673469320000149e+06 9.753191838549355452e-01 -3.630000000000013216e-01 7.410000000000014353e-01
2.457673471229999792e+06 9.792022440371965786e-01 -3.610000000000006537e-01 7.419999999999991047e-01
2.457673473160000052e+06 9.831259657996724854e-01 -3.680000000000003268e-01 7.400000000000002132e-01
2.457674058679999784e+06 1.734976006116539793e-01 -4.299999999999926104e-02 7.350000000000012079e-01
2.457674062040000223e+06 1.803285358782886760e-01 -3.399999999999891998e-02 7.560000000000002274e-01
2.457674064090000000e+06 1.844962186003158422e-01 -4.800000000000004263e-02 7.389999999999989910e-01
2.457674066029999871e+06 1.884402697326095222e-01 -5.900000000000105160e-02 7.369999999999983231e-01
2.457674067950000055e+06 1.923436611782562977e-01 -5.000000000000071054e-02 7.389999999999989910e-01
2.457674069889999926e+06 1.962877123105499777e-01 -5.499999999999971578e-02 7.400000000000002132e-01
2.457674071849999949e+06 2.002724240760471730e-01 -4.899999999999948841e-02 7.350000000000012079e-01
2.457674073770000134e+06 2.041758155219213222e-01 -5.300000000000082423e-02 7.410000000000014353e-01
2.457674075689999852e+06 2.080792060210114869e-01 -5.499999999999971578e-02 7.459999999999986642e-01
2.457674077620000113e+06 2.120029277832600201e-01 -5.000000000000071054e-02 7.480000000000011084e-01
2.457674079549999908e+06 2.159266485989519424e-01 -5.600000000000093792e-02 7.449999999999992184e-01
2.457674081470000092e+06 2.198300400445987179e-01 -4.500000000000170530e-02 7.349999999999994316e-01
2.457674083399999887e+06 2.237537608602906403e-01 -4.599999999999937472e-02 7.339999999999999858e-01
2.457674085320000071e+06 2.276571523061647895e-01 -5.200000000000137845e-02 7.330000000000005400e-01
2.457674087230000179e+06 2.315402134352098074e-01 -4.499999999999992895e-02 7.449999999999992184e-01
2.457674089190000203e+06 2.355249252007070027e-01 -4.800000000000004263e-02 7.480000000000011084e-01
2.457674091080000158e+06 2.393673256965485052e-01 -4.300000000000103739e-02 7.379999999999995453e-01
2.457674093009999953e+06 2.432910465122404275e-01 -4.300000000000103739e-02 7.399999999999984368e-01
2.457674094930000138e+06 2.471944379578872031e-01 -4.299999999999926104e-02 7.370000000000018758e-01
2.457674096739999950e+06 2.508741968674712552e-01 -4.199999999999981526e-02 7.380000000000013216e-01
2.457674098569999915e+06 2.545946164102588227e-01 -3.400000000000069633e-02 7.359999999999988773e-01
2.457674100620000158e+06 2.587623000788425998e-01 -3.200000000000002842e-02 7.490000000000005542e-01
2.457674102580000181e+06 2.627470118443397951e-01 -2.899999999999991473e-02 7.429999999999985505e-01
2.457674104400000069e+06 2.664471010705256049e-01 -2.500000000000035527e-02 7.500000000000017764e-01
2.457674106319999788e+06 2.703504915693883959e-01 -2.000000000000135003e-02 7.469999999999981100e-01
2.457674108219999820e+06 2.742132223820590298e-01 -1.000000000000156319e-02 7.399999999999984368e-01
2.457674110059999861e+06 2.779539722412209812e-01 -8.999999999998564704e-03 7.460000000000004405e-01
2.457674111880000215e+06 2.816540624141907756e-01 2.000000000000667910e-03 7.319999999999993179e-01
2.457674113690000027e+06 2.853338213235474541e-01 3.000000000000113687e-03 7.479999999999993321e-01
2.457674115530000068e+06 2.890745711829367792e-01 1.399999999999934630e-02 7.459999999999986642e-01
2.457674117360000033e+06 2.927949907257243467e-01 1.299999999999990052e-02 7.439999999999997726e-01
2.457674121040000115e+06 3.002764904445029970e-01 1.900000000000012790e-02 7.329999999999987637e-01
2.457674129180000164e+06 3.168252422722162009e-01 4.300000000000103739e-02 7.419999999999991047e-01
2.457674130989999976e+06 3.205050011818002531e-01 5.499999999999971578e-02 7.429999999999985505e-01
2.457674132939999923e+06 3.244693826306956908e-01 5.599999999999916156e-02 7.370000000000000995e-01
2.457674134879999794e+06 3.284134337629893707e-01 6.700000000000017053e-02 7.400000000000019895e-01
2.457674136940000113e+06 3.326014477481749054e-01 7.699999999999995737e-02 7.480000000000011084e-01
2.457674138879999984e+06 3.365454988804685854e-01 7.699999999999995737e-02 7.390000000000007674e-01
2.457674140840000007e+06 3.405302106459657807e-01 8.999999999999985789e-02 7.420000000000008811e-01
2.457674142750000115e+06 3.444132717750107986e-01 9.999999999999964473e-02 7.519999999999988916e-01
2.457674144590000156e+06 3.481540216344001237e-01 1.119999999999983231e-01 7.509999999999976694e-01
2.457674146509999875e+06 3.520574121334902884e-01 1.159999999999996589e-01 7.379999999999977689e-01
2.457674148330000229e+06 3.557575023062327091e-01 1.089999999999999858e-01 7.450000000000009948e-01
2.457674150260000024e+06 3.596812231219246314e-01 1.299999999999990052e-01 7.379999999999977689e-01
2.457674152110000141e+06 3.634423032979157142e-01 1.329999999999991189e-01 7.460000000000004405e-01
2.457674154000000097e+06 3.672847037937572168e-01 1.579999999999994742e-01 7.470000000000016627e-01
2.457674156049999874e+06 3.714523865155570093e-01 1.679999999999992610e-01 7.419999999999991047e-01
2.457674157889999915e+06 3.751931363749463344e-01 1.720000000000005969e-01 7.400000000000002132e-01
2.457674159789999947e+06 3.790558671876169683e-01 1.849999999999987210e-01 7.379999999999995453e-01
2.457674161700000055e+06 3.829389283166619862e-01 1.850000000000004974e-01 7.419999999999991047e-01
2.457674163610000163e+06 3.868219894457070041e-01 1.989999999999998437e-01 7.419999999999991047e-01
2.457674165440000128e+06 3.905424089884945715e-01 2.000000000000010658e-01 7.370000000000018758e-01
2.457674167340000160e+06 3.944051398009378318e-01 2.159999999999993037e-01 7.409999999999978826e-01
2.457674169249999803e+06 3.982881999834262388e-01 2.459999999999986642e-01 7.419999999999991047e-01
2.457674171140000224e+06 4.021306014258243522e-01 2.300000000000004263e-01 7.490000000000005542e-01
2.457674173049999867e+06 4.060136616083127592e-01 2.480000000000011084e-01 7.329999999999987637e-01
2.457674174879999831e+06 4.097340811511003267e-01 2.560000000000002274e-01 7.389999999999989910e-01
2.457674176700000186e+06 4.134341713238427474e-01 2.719999999999984652e-01 7.359999999999988773e-01
2.457674178540000226e+06 4.171749211832320725e-01 2.820000000000000284e-01 7.490000000000005542e-01
2.457674180439999793e+06 4.210376510488913482e-01 2.870000000000008100e-01 7.370000000000000995e-01
2.457674182349999901e+06 4.249207121781637397e-01 3.000000000000007105e-01 7.459999999999986642e-01
2.457674184169999789e+06 4.286208014041221759e-01 3.089999999999992752e-01 7.440000000000015490e-01
2.457674185980000068e+06 4.323005612602628389e-01 3.209999999999997300e-01 7.390000000000007674e-01
2.457674187820000108e+06 4.360413111196521641e-01 3.290000000000006253e-01 7.530000000000001137e-01
2.457674189720000140e+06 4.399040419320954243e-01 3.439999999999994174e-01 7.520000000000006679e-01
2.457674191550000105e+06 4.436244614748829918e-01 3.439999999999994174e-01 7.450000000000009948e-01
2.457674193369999994e+06 4.473245507010688016e-01 3.610000000000006537e-01 7.490000000000005542e-01
2.457674195419999771e+06 4.514922334228685941e-01 3.539999999999992042e-01 7.499999999999982236e-01
2.457674197329999879e+06 4.553752945519136119e-01 3.650000000000002132e-01 7.480000000000011084e-01
2.457674199149999768e+06 4.590753837780994218e-01 3.719999999999998863e-01 7.400000000000002132e-01
2.457674200970000122e+06 4.627754739508418425e-01 3.739999999999987779e-01 7.430000000000003268e-01
2.457674202790000010e+06 4.664755631770276523e-01 3.669999999999991047e-01 7.409999999999978826e-01
2.457674204619999975e+06 4.701959827198152198e-01 3.710000000000004405e-01 7.370000000000018758e-01
2.457674206449999940e+06 4.739164022626027872e-01 3.710000000000004405e-01 7.420000000000008811e-01
2.457674208360000048e+06 4.777994633916478051e-01 3.679999999999985505e-01 7.409999999999978826e-01
2.457674210289999843e+06 4.817231842073397274e-01 3.669999999999991047e-01 7.450000000000009948e-01
2.457674212110000197e+06 4.854232743800821481e-01 3.640000000000007674e-01 7.490000000000005542e-01
2.457674213940000162e+06 4.891436939228697156e-01 3.559999999999998721e-01 7.449999999999992184e-01
2.457674215760000050e+06 4.928437831490555254e-01 3.489999999999984226e-01 7.419999999999991047e-01
2.457674217579999939e+06 4.965438723750139616e-01 3.379999999999991900e-01 7.449999999999992184e-01
2.457674219440000132e+06 5.003252828676068020e-01 3.330000000000001847e-01 7.489999999999987779e-01
2.457674221260000020e+06 5.040253720937926118e-01 3.279999999999994031e-01 7.379999999999995453e-01
2.457674223069999833e+06 5.077051310033766640e-01 3.170000000000001705e-01 7.360000000000006537e-01
2.457674224880000111e+06 5.113848908595173270e-01 3.019999999999996021e-01 7.399999999999984368e-01
2.457674226749999914e+06 5.151866307221553143e-01 2.929999999999992610e-01 7.509999999999994458e-01
2.457674228629999794e+06 5.190087009011676855e-01 2.830000000000012506e-01 7.400000000000019895e-01
2.457674230560000055e+06 5.229324226636435924e-01 2.710000000000007958e-01 7.429999999999985505e-01
2.457674232379999943e+06 5.266325118898294022e-01 2.669999999999994600e-01 7.380000000000013216e-01
2.457674234290000051e+06 5.305155730188744201e-01 2.469999999999998863e-01 7.409999999999978826e-01
2.457674236169999931e+06 5.343376431981141650e-01 2.379999999999995453e-01 7.490000000000005542e-01
2.457674237999999896e+06 5.380580627406743588e-01 2.249999999999996447e-01 7.480000000000011084e-01
2.457674261239999905e+06 5.853053588487000525e-01 1.059999999999998721e-01 7.410000000000014353e-01
2.457674263019999955e+06 5.889241277548080689e-01 1.039999999999992042e-01 7.439999999999997726e-01
2.457674264859999996e+06 5.926648776141973940e-01 1.009999999999990905e-01 7.490000000000005542e-01
2.457674266770000104e+06 5.965479387434697855e-01 8.999999999999985789e-02 7.459999999999986642e-01
2.457674268629999831e+06 6.003293482892786415e-01 8.000000000000007105e-02 7.439999999999997726e-01
2.457674270430000033e+06 6.039887778288175468e-01 7.899999999999884892e-02 7.429999999999985505e-01
2.457674272259999998e+06 6.077091973716051143e-01 6.500000000000127898e-02 7.330000000000005400e-01
2.457674274089999963e+06 6.114296169143926818e-01 6.600000000000072475e-02 7.500000000000000000e-01
2.457674275919999927e+06 6.151500364571802493e-01 5.300000000000082423e-02 7.450000000000009948e-01
2.457674277759999968e+06 6.188907863165695744e-01 5.299999999999904787e-02 7.440000000000015490e-01
2.457674279589999933e+06 6.226112058591297682e-01 4.599999999999937472e-02 7.430000000000003268e-01
2.457674281409999821e+06 6.263112950853155780e-01 2.800000000000046896e-02 7.370000000000000995e-01
2.457674283239999786e+06 6.300317146281031455e-01 2.699999999999924682e-02 7.360000000000006537e-01
2.457674285070000216e+06 6.337521351174473239e-01 2.699999999999924682e-02 7.319999999999993179e-01
2.457674286909999792e+06 6.374928840302800381e-01 2.700000000000102318e-02 7.410000000000014353e-01
2.457674288740000222e+06 6.412133045196242165e-01 3.200000000000002842e-02 7.489999999999987779e-01
2.457674290560000110e+06 6.449133937458100263e-01 2.299999999999968736e-02 7.439999999999997726e-01
2.457674292400000151e+06 6.486541436051993514e-01 1.699999999999945999e-02 7.529999999999983373e-01
2.457674294220000040e+06 6.523542328311577876e-01 1.600000000000001421e-02 7.479999999999993321e-01
2.457674297879999969e+06 6.597950719167329225e-01 9.000000000000341061e-03 7.469999999999998863e-01
2.457674299709999934e+06 6.635154914595204900e-01 -2.000000000000667910e-03 7.370000000000000995e-01
2.457674301529999822e+06 6.672155806854789262e-01 -4.000000000001335820e-03 7.369999999999983231e-01
2.457674303369999863e+06 6.709563305448682513e-01 -1.800000000000068212e-02 7.410000000000014353e-01
2.457674305190000217e+06 6.746564207178380457e-01 -2.099999999999901945e-02 7.330000000000005400e-01
2.457674307020000182e+06 6.783768402603982395e-01 -2.599999999999980105e-02 7.459999999999986642e-01
2.457674308860000223e+06 6.821175901197875646e-01 -1.900000000000012790e-02 7.439999999999997726e-01
2.457674310690000188e+06 6.858380096625751321e-01 -3.200000000000002842e-02 7.479999999999993321e-01
2.457674312510000076e+06 6.895380988887609419e-01 -3.299999999999947420e-02 7.310000000000016485e-01
2.457674314329999965e+06 6.932381881149467517e-01 -3.399999999999891998e-02 7.390000000000007674e-01
2.457674316180000082e+06 6.969992682909378345e-01 -3.399999999999891998e-02 7.390000000000007674e-01
2.457674317989999894e+06 7.006790272002945130e-01 -4.000000000000092371e-02 7.390000000000007674e-01
2.457674319829999935e+06 7.044197770596838382e-01 -3.400000000000069633e-02 7.389999999999989910e-01
2.457674321659999900e+06 7.081401966024714056e-01 -4.000000000000092371e-02 7.480000000000011084e-01
2.457674323479999788e+06 7.118402858286572155e-01 -3.699999999999903366e-02 7.410000000000014353e-01
2.457674325300000142e+06 7.155403760013996362e-01 -4.100000000000036948e-02 7.390000000000007674e-01
2.457674327130000107e+06 7.192607955441872036e-01 -4.499999999999992895e-02 7.409999999999978826e-01
2.457674328949999996e+06 7.229608847701456398e-01 -4.199999999999981526e-02 7.369999999999983231e-01
2.457674330790000036e+06 7.267016346295349649e-01 -3.899999999999970157e-02 7.409999999999996589e-01
2.457674332609999925e+06 7.304017238557207747e-01 -5.399999999999849365e-02 7.419999999999991047e-01
2.457674334439999890e+06 7.341221433985083422e-01 -4.100000000000036948e-02 7.370000000000018758e-01
2.457674336259999778e+06 7.378222326244667784e-01 -3.299999999999947420e-02 7.390000000000007674e-01
2.457674338109999895e+06 7.415833128004578612e-01 -3.700000000000081002e-02 7.510000000000012221e-01
2.457674339929999784e+06 7.452834020266436710e-01 -3.899999999999970157e-02 7.450000000000009948e-01
2.457674341750000138e+06 7.489834921993860917e-01 -3.600000000000136424e-02 7.359999999999988773e-01
2.457674343580000103e+06 7.527039117421736591e-01 -3.899999999999970157e-02 7.410000000000014353e-01
2.457674347250000108e+06 7.601650811443505518e-01 -3.299999999999947420e-02 7.460000000000004405e-01
2.457674352709999774e+06 7.712653488226806076e-01 -2.699999999999924682e-02 7.419999999999991047e-01
2.457674354540000204e+06 7.749857693120247859e-01 -2.800000000000046896e-02 7.409999999999978826e-01
2.457674356370000169e+06 7.787061888548123534e-01 -1.600000000000001421e-02 7.519999999999988916e-01
2.457674358200000133e+06 7.824266083975999209e-01 -8.000000000000895284e-03 7.480000000000011084e-01
2.457674360030000098e+06 7.861470279403874883e-01 -1.100000000000100897e-02 7.379999999999995453e-01
2.457674361860000063e+06 7.898674474831750558e-01 -7.000000000001449507e-03 7.379999999999995453e-01
2.457674363700000104e+06 7.936081973423370073e-01 -7.999999999999118927e-03 7.450000000000009948e-01
2.457674365509999916e+06 7.972879562519210594e-01 0.000000000000000000e+00 7.489999999999987779e-01
2.457674367339999881e+06 8.010083757947086269e-01 1.299999999999990052e-02 7.500000000000017764e-01
2.457674369159999769e+06 8.047084650206670631e-01 1.199999999999867839e-02 7.449999999999992184e-01
2.457674371119999792e+06 8.086931767863916320e-01 1.900000000000012790e-02 7.460000000000022169e-01
2.457674372919999994e+06 8.123526063259305374e-01 2.699999999999924682e-02 7.429999999999985505e-01
2.457674374739999883e+06 8.160526955518889736e-01 3.899999999999970157e-02 7.540000000000013358e-01
2.457674376569999848e+06 8.197731150946765410e-01 3.599999999999958789e-02 7.500000000000017764e-01
2.457674378430000041e+06 8.235545255872693815e-01 4.400000000000048317e-02 7.339999999999982094e-01
2.457674380210000090e+06 8.271732944936047716e-01 4.400000000000048317e-02 7.330000000000023164e-01
2.457674382029999979e+06 8.308733837197905814e-01 5.599999999999916156e-02 7.420000000000008811e-01
2.457674383870000020e+06 8.346141335791799065e-01 7.000000000000028422e-02 7.469999999999998863e-01
2.457674387610000093e+06 8.422176142510124919e-01 7.600000000000051159e-02 7.449999999999992184e-01
2.457674389429999981e+06 8.459177034771983017e-01 8.000000000000007105e-02 7.510000000000012221e-01
2.457674391249999870e+06 8.496177927031567378e-01 8.999999999999985789e-02 7.530000000000001137e-01
2.457674393099999987e+06 8.533788728791478206e-01 9.200000000000052580e-02 7.440000000000015490e-01
2.457674394909999799e+06 8.570586317887318728e-01 1.039999999999992042e-01 7.360000000000006537e-01
2.457674396740000229e+06 8.607790522780760512e-01 1.070000000000010942e-01 7.340000000000017621e-01
2.457674398670000024e+06 8.647027730937679735e-01 1.219999999999998863e-01 7.519999999999988916e-01
2.457674400839999784e+06 8.691144177219030098e-01 1.359999999999992326e-01 7.519999999999988916e-01
2.457674402569999918e+06 8.726315359915588488e-01 1.350000000000015632e-01 7.409999999999996589e-01
2.457674404169999994e+06 8.758843620387324336e-01 1.509999999999998010e-01 7.529999999999983373e-01
2.457674405979999807e+06 8.795641209480891121e-01 1.650000000000009237e-01 7.520000000000006679e-01
2.457674407809999771e+06 8.832845404908766795e-01 1.579999999999994742e-01 7.469999999999998863e-01
2.457674409620000049e+06 8.869643003470173426e-01 1.709999999999993747e-01 7.290000000000009805e-01
2.457674415140000172e+06 8.981865499251853180e-01 2.059999999999995168e-01 7.449999999999992184e-01
2.457674416949999984e+06 9.018663088347693702e-01 2.119999999999997442e-01 7.359999999999988773e-01
2.457674418779999949e+06 9.055867283773295640e-01 2.349999999999994316e-01 7.280000000000015348e-01
2.457674420609999914e+06 9.093071479201171314e-01 2.459999999999986642e-01 7.360000000000006537e-01
2.457674424260000233e+06 9.167276576356471196e-01 2.650000000000005684e-01 7.320000000000010942e-01
2.457674426090000197e+06 9.204480771784346871e-01 2.880000000000002558e-01 7.520000000000006679e-01
2.457674427929999772e+06 9.241888260910400277e-01 2.850000000000001421e-01 7.379999999999995453e-01
2.457674429740000051e+06 9.278685859471806907e-01 3.059999999999991616e-01 7.429999999999985505e-01
2.457674431580000091e+06 9.316093358065700158e-01 3.190000000000008384e-01 7.480000000000011084e-01
2.457674433420000132e+06 9.353500856659593410e-01 3.219999999999991758e-01 7.449999999999992184e-01
2.457674435240000021e+06 9.390501748921451508e-01 3.280000000000011795e-01 7.530000000000001137e-01
2.457674437069999985e+06 9.427705944349327183e-01 3.499999999999996447e-01 7.459999999999986642e-01
2.457674438889999874e+06 9.464706836611185281e-01 3.559999999999998721e-01 7.500000000000000000e-01
2.457674440719999839e+06 9.501911032036787219e-01 3.639999999999989910e-01 7.449999999999992184e-01
2.457674442590000108e+06 9.539928440131006937e-01 3.740000000000005542e-01 7.569999999999996732e-01
2.457674444379999768e+06 9.576319422892538569e-01 3.789999999999995595e-01 7.309999999999980957e-01
2.457674446219999809e+06 9.613726921486431820e-01 3.859999999999992326e-01 7.479999999999993321e-01
2.457674448059999850e+06 9.651134420080325071e-01 3.799999999999990052e-01 7.479999999999993321e-01
2.457674451710000169e+06 9.725339517235624953e-01 3.710000000000004405e-01 7.230000000000007532e-01
2.457674453569999896e+06 9.763153612693713512e-01 3.709999999999986642e-01 7.339999999999999858e-01
2.457674455380000174e+06 9.799951211257393879e-01 3.740000000000005542e-01 7.300000000000004263e-01
2.457674457220000215e+06 9.837358709851287131e-01 3.699999999999992184e-01 7.500000000000000000e-01
2.457674459050000180e+06 9.874562905276889069e-01 3.630000000000013216e-01 7.319999999999993179e-01
2.457674463130000047e+06 9.957509962848689611e-01 3.490000000000001990e-01 7.470000000000016627e-01
2.457674466380000114e+06 2.358299015440934454e-03 3.230000000000003979e-01 7.379999999999995453e-01
2.457674473660000134e+06 1.715865686651341093e-02 2.720000000000002416e-01 7.359999999999988773e-01
2.457674475500000175e+06 2.089940672590273607e-02 2.460000000000004405e-01 7.300000000000004263e-01
2.457674477320000064e+06 2.459949595208854589e-02 2.460000000000004405e-01 7.450000000000009948e-01
2.457674479139999952e+06 2.829958517804698204e-02 2.200000000000006395e-01 7.279999999999997584e-01
2.457674480969999917e+06 3.202000472083454952e-02 2.149999999999998579e-01 7.370000000000000995e-01
2.457677042880000081e+06 2.404244939541513304e-01 -5.499999999999971578e-02 7.319999999999993179e-01
2.457677044879999943e+06 2.444905260394989455e-01 -3.400000000000069633e-02 7.539999999999995595e-01
2.457677046879999805e+06 2.485565581248465605e-01 -3.700000000000081002e-02 7.520000000000006679e-01
2.457677048890000209e+06 2.526429214735799178e-01 -2.699999999999924682e-02 7.349999999999994316e-01
2.457677050789999776e+06 2.565056513394665672e-01 -3.299999999999947420e-02 7.349999999999994316e-01
2.457677052660000045e+06 2.603073921486611653e-01 -2.899999999999991473e-02 7.289999999999992042e-01
2.457677054560000077e+06 2.641701229611044255e-01 -2.399999999999913314e-02 7.389999999999989910e-01
2.457677056460000109e+06 2.680328537735476857e-01 -1.100000000000100897e-02 7.420000000000008811e-01
2.457677058350000065e+06 2.718752542693891883e-01 -2.100000000000079581e-02 7.399999999999984368e-01
2.457677060260000173e+06 2.757583153986615798e-01 -1.800000000000068212e-02 7.340000000000017621e-01
2.457677062169999816e+06 2.796413755809226132e-01 -1.000000000001222134e-03 7.379999999999977689e-01
2.457677064079999924e+06 2.835244367099676310e-01 -3.999999999999559464e-03 7.500000000000000000e-01
2.457677065990000032e+06 2.874074978392400226e-01 5.000000000000781597e-03 7.430000000000003268e-01
2.457677067900000140e+06 2.912905589682850405e-01 9.999999999999786837e-03 7.450000000000009948e-01
2.457677069949999917e+06 2.954582416900848330e-01 1.600000000000001421e-02 7.440000000000015490e-01
2.457677071870000102e+06 2.993616331359589822e-01 2.299999999999968736e-02 7.480000000000011084e-01
2.457677083680000156e+06 3.233715543656217051e-01 4.800000000000004263e-02 7.329999999999987637e-01
2.457677100519999862e+06 3.576075462856351805e-01 1.150000000000002132e-01 7.370000000000000995e-01
2.457677102429999970e+06 3.614906074146801984e-01 1.200000000000009948e-01 7.440000000000015490e-01
2.457677104340000078e+06 3.653736685437252163e-01 1.419999999999994600e-01 7.330000000000005400e-01
2.457677106250000186e+06 3.692567296729976078e-01 1.489999999999991331e-01 7.500000000000000000e-01
2.457677108150000218e+06 3.731194604854408681e-01 1.570000000000000284e-01 7.389999999999989910e-01
2.457677110049999785e+06 3.769821903511001437e-01 1.590000000000006963e-01 7.319999999999993179e-01
2.457677111940000206e+06 3.808245917937256309e-01 1.790000000000002700e-01 7.530000000000001137e-01
2.457677113849999849e+06 3.847076519759866642e-01 1.950000000000002842e-01 7.490000000000005542e-01
2.457677115759999957e+06 3.885907131052590557e-01 1.880000000000006111e-01 7.510000000000012221e-01
2.457677118120000232e+06 3.933886318559416395e-01 2.159999999999993037e-01 7.419999999999991047e-01
2.457677120509999804e+06 3.982475396630889009e-01 2.289999999999992042e-01 7.519999999999988916e-01
2.457677122659999877e+06 4.026185246045770327e-01 2.370000000000000995e-01 7.419999999999991047e-01
2.457677124859999865e+06 4.070911601825173420e-01 2.549999999999990052e-01 7.430000000000003268e-01
2.457677127350000199e+06 4.121533711559095536e-01 2.560000000000002274e-01 7.450000000000009948e-01
2.457677129050000105e+06 4.156094984757601196e-01 2.590000000000003411e-01 7.310000000000016485e-01
2.457677131539999973e+06 4.206717085025957203e-01 2.729999999999996874e-01 7.279999999999997584e-01
2.457677137459999882e+06 4.327071641191650997e-01 3.119999999999993889e-01 7.329999999999987637e-01
2.457677141319999937e+06 4.405546066971055552e-01 3.349999999999990763e-01 7.479999999999993321e-01
2.457677143329999875e+06 4.446409690992823016e-01 3.440000000000011937e-01 7.450000000000009948e-01
2.457677145370000042e+06 4.487883224510369473e-01 3.499999999999996447e-01 7.409999999999996589e-01
2.457677147400000133e+06 4.529153454864172090e-01 3.600000000000012079e-01 7.450000000000009948e-01
2.457677149459999986e+06 4.571033585248187592e-01 3.539999999999992042e-01 7.449999999999992184e-01
2.457677151510000229e+06 4.612710421934025362e-01 3.470000000000013074e-01 7.279999999999997584e-01
2.457677153570000082e+06 4.654590552320314600e-01 3.790000000000013358e-01 7.520000000000024443e-01
2.457677155739999842e+06 4.698706998599391227e-01 3.700000000000009948e-01 7.410000000000014353e-01
2.457677157870000228e+06 4.742010251150077238e-01 3.699999999999992184e-01 7.450000000000009948e-01
2.457677160000000149e+06 4.785313494230649667e-01 3.810000000000002274e-01 7.570000000000014495e-01
2.457677162260000128e+06 4.831259659542865847e-01 3.540000000000009805e-01 7.370000000000000995e-01
2.457677164169999771e+06 4.870090261365476181e-01 3.409999999999993037e-01 7.389999999999989910e-01
2.457677166079999879e+06 4.908920872655926360e-01 3.599999999999994316e-01 7.490000000000005542e-01
2.457677167989999987e+06 4.947751483948650275e-01 3.300000000000000711e-01 7.370000000000000995e-01
2.457677169890000019e+06 4.986378792073082877e-01 3.339999999999996305e-01 7.479999999999993321e-01
2.457677171790000051e+06 5.025006100197515480e-01 3.140000000000000568e-01 7.339999999999999858e-01
2.457677173700000159e+06 5.063836711487965658e-01 3.079999999999998295e-01 7.449999999999992184e-01
2.457677175600000191e+06 5.102464019612398261e-01 2.919999999999998153e-01 7.319999999999993179e-01
2.457677177519999910e+06 5.141497924603299907e-01 2.889999999999997016e-01 7.230000000000007532e-01
2.457677179849999957e+06 5.188867202612073015e-01 2.859999999999995879e-01 7.549999999999990052e-01
2.457677181760000065e+06 5.227697813902523194e-01 2.759999999999998010e-01 7.400000000000002132e-01
2.457677184169999789e+06 5.276693498306030961e-01 2.500000000000000000e-01 7.400000000000002132e-01
2.457677186269999947e+06 5.319386841356390505e-01 2.339999999999999858e-01 7.339999999999999858e-01
2.457677188639999833e+06 5.367569322561394074e-01 2.240000000000001990e-01 7.460000000000004405e-01
2.457677190549999941e+06 5.406399933854117990e-01 2.119999999999997442e-01 7.479999999999993321e-01
2.457677192460000049e+06 5.445230545144568168e-01 2.119999999999997442e-01 7.539999999999995595e-01
2.457677194350000005e+06 5.483654550102983194e-01 1.959999999999997300e-01 7.439999999999997726e-01
2.457677196270000190e+06 5.522688464559450949e-01 1.900000000000012790e-01 7.510000000000012221e-01
2.457677198170000222e+06 5.561315772683883552e-01 1.669999999999998153e-01 7.330000000000005400e-01
2.457677200079999864e+06 5.600146374508767622e-01 1.799999999999997158e-01 7.469999999999998863e-01
2.457677211509999819e+06 5.832520123290123593e-01 1.120000000000000995e-01 7.509999999999994458e-01
2.457677213399999775e+06 5.870944128246264881e-01 8.999999999999985789e-02 7.339999999999999858e-01
2.457677215450000018e+06 5.912620964932102652e-01 9.700000000000130740e-02 7.370000000000000995e-01
2.457677217490000185e+06 5.954094498451922846e-01 9.099999999999930367e-02 7.249999999999996447e-01
2.457677219529999886e+06 5.995568022503903194e-01 7.599999999999873523e-02 7.439999999999997726e-01
2.457677221429999918e+06 6.034195330628335796e-01 9.400000000000119371e-02 7.500000000000000000e-01
2.457677223470000084e+06 6.075668864148155990e-01 7.899999999999884892e-02 7.489999999999987779e-01
2.457677225399999879e+06 6.114906072305075213e-01 6.099999999999994316e-02 7.319999999999993179e-01
2.457677229119999800e+06 6.190534272691365913e-01 5.699999999999860734e-02 7.379999999999995453e-01
2.457677231079999823e+06 6.230381390346337867e-01 5.400000000000027001e-02 7.390000000000007674e-01
2.457677232989999931e+06 6.269212001636788045e-01 3.800000000000025580e-02 7.389999999999989910e-01
2.457677234809999820e+06 6.306212893898646143e-01 4.599999999999937472e-02 7.419999999999991047e-01
2.457677236760000233e+06 6.345856717855440365e-01 4.800000000000004263e-02 7.459999999999986642e-01
2.457677238570000045e+06 6.382654306949007150e-01 4.100000000000036948e-02 7.630000000000016769e-01
2.457677240400000010e+06 6.419858502376882825e-01 3.200000000000002842e-02 7.580000000000008953e-01
2.457677242209999822e+06 6.456656091472723347e-01 2.899999999999991473e-02 7.260000000000008669e-01
2.457677244030000176e+06 6.493656993200147554e-01 2.000000000000667910e-03 7.380000000000013216e-01
2.457677245850000065e+06 6.530657885462005652e-01 3.999999999999559464e-03 7.330000000000005400e-01
2.457677247909999918e+06 6.572538015846021153e-01 3.999999999999559464e-03 7.449999999999992184e-01
2.457677258789999876e+06 6.793730175681957917e-01 -3.299999999999947420e-02 7.190000000000011937e-01
2.457677260600000154e+06 6.830527774243364547e-01 -2.599999999999980105e-02 7.360000000000006537e-01
2.457677262420000043e+06 6.867528666505222645e-01 -1.299999999999990052e-02 7.530000000000001137e-01
2.457677264390000142e+06 6.907579087326212175e-01 -2.800000000000046896e-02 7.370000000000000995e-01
2.457677266210000031e+06 6.944579979588070273e-01 -3.099999999999880629e-02 7.450000000000009948e-01
2.457677268159999978e+06 6.984223794077024650e-01 -3.700000000000081002e-02 7.590000000000003411e-01
2.457677269989999942e+06 7.021427989504900324e-01 -2.200000000000024158e-02 7.419999999999991047e-01
2.457677272049999796e+06 7.063308119888915826e-01 -3.899999999999970157e-02 7.509999999999994458e-01
2.457677278169999830e+06 7.187728710980536562e-01 -4.300000000000103739e-02 7.400000000000002132e-01
2.457677279980000108e+06 7.224526309541943192e-01 -4.100000000000036948e-02 7.469999999999998863e-01
2.457677282039999962e+06 7.266406439925958693e-01 -4.000000000000092371e-02 7.550000000000007816e-01
2.457677284099999815e+06 7.308286570312247932e-01 -4.499999999999992895e-02 7.509999999999994458e-01
2.457677286050000228e+06 7.347930394266768417e-01 -3.699999999999903366e-02 7.470000000000016627e-01
2.457677287990000099e+06 7.387370905589705217e-01 -4.400000000000048317e-02 7.249999999999978684e-01
2.457677289809999987e+06 7.424371797851563315e-01 -3.999999999999914735e-02 7.340000000000017621e-01
2.457677299629999790e+06 7.624013982995165861e-01 -3.599999999999958789e-02 7.379999999999995453e-01
2.457677301709999796e+06 7.666300719713490253e-01 -2.500000000000035527e-02 7.390000000000007674e-01
2.457677305410000030e+06 7.741522323233311909e-01 -2.899999999999991473e-02 7.260000000000008669e-01
2.457677307080000173e+06 7.775473696399330947e-01 -4.999999999999005240e-03 7.609999999999992326e-01
2.457677322389999870e+06 8.086728467826560518e-01 3.500000000000014211e-02 7.460000000000004405e-01
2.457677324320000131e+06 8.125965685449045850e-01 2.599999999999980105e-02 7.370000000000000995e-01
2.457677326280000154e+06 8.165812803106291540e-01 2.599999999999980105e-02 7.390000000000007674e-01
2.457677328220000025e+06 8.205253314429228340e-01 3.400000000000069633e-02 7.570000000000014495e-01
2.457677330279999878e+06 8.247133444813243841e-01 3.899999999999970157e-02 7.319999999999993179e-01
2.457677332229999825e+06 8.286777259302198217e-01 3.500000000000014211e-02 7.430000000000003268e-01
2.457677334170000162e+06 8.326217780092974863e-01 5.100000000000015632e-02 7.249999999999996447e-01
2.457677336240000091e+06 8.368301213645281678e-01 5.399999999999849365e-02 7.460000000000004405e-01
2.457677338289999869e+06 8.409978040863279602e-01 8.900000000000041211e-02 7.579999999999991189e-01
2.457677340100000147e+06 8.446775639424686233e-01 8.600000000000029843e-02 7.290000000000009805e-01
2.457677341899999883e+06 8.483369925352235441e-01 7.699999999999995737e-02 7.320000000000010942e-01
2.457677343799999915e+06 8.521997233476668043e-01 9.299999999999997158e-02 7.220000000000013074e-01
2.457677345699999947e+06 8.560624541603374382e-01 1.089999999999999858e-01 7.160000000000010800e-01
2.457677347599999979e+06 8.599251849727806984e-01 1.020000000000003126e-01 7.319999999999993179e-01
2.457677349479999859e+06 8.637472551520204433e-01 1.400000000000005684e-01 7.490000000000005542e-01
2.457677351530000102e+06 8.679149388203768467e-01 1.270000000000006679e-01 7.329999999999987637e-01
2.457677353420000058e+06 8.717573393162183493e-01 1.250000000000000000e-01 7.179999999999999716e-01
2.457677355440000072e+06 8.758640320349968533e-01 1.600000000000001421e-01 7.440000000000015490e-01
2.457677357489999849e+06 8.800317147567966458e-01 1.459999999999990195e-01 7.409999999999978826e-01
2.457677359389999881e+06 8.838944455692399060e-01 1.630000000000002558e-01 7.400000000000002132e-01
2.457677361289999913e+06 8.877571763816831663e-01 1.660000000000003695e-01 7.129999999999991900e-01
2.457677363189999945e+06 8.916199071941264265e-01 1.660000000000003695e-01 7.250000000000014211e-01
2.457677365089999977e+06 8.954826380067970604e-01 2.059999999999995168e-01 7.310000000000016485e-01
2.457677366969999857e+06 8.993047081858094316e-01 1.950000000000002842e-01 7.380000000000013216e-01
2.457677368859999813e+06 9.031471086816509342e-01 2.179999999999999716e-01 7.379999999999995453e-01
2.457677370759999845e+06 9.070098394943215681e-01 2.290000000000009805e-01 7.290000000000009805e-01
2.457677372779999860e+06 9.111165322128726984e-01 2.460000000000004405e-01 7.430000000000003268e-01
2.457677374669999816e+06 9.149589327087142010e-01 2.799999999999993605e-01 7.460000000000004405e-01
2.457677376730000135e+06 9.191469466938997357e-01 2.769999999999992468e-01 7.439999999999997726e-01
2.457677378620000090e+06 9.229893471897412383e-01 3.150000000000012790e-01 7.620000000000004547e-01
2.457677380510000046e+06 9.268317476855827408e-01 2.989999999999994884e-01 7.469999999999998863e-01
2.457677382410000078e+06 9.306944784980260010e-01 3.070000000000003837e-01 7.400000000000002132e-01
2.457677384449999779e+06 9.348418309032240359e-01 3.339999999999996305e-01 7.409999999999996589e-01
2.457677386640000157e+06 9.392941371113465721e-01 3.429999999999999716e-01 7.400000000000002132e-01
2.457677388669999782e+06 9.434211591999428492e-01 3.390000000000004121e-01 7.400000000000002132e-01
2.457677390569999814e+06 9.472838900123861094e-01 3.460000000000000853e-01 7.370000000000000995e-01
2.457677392599999905e+06 9.514109130475389975e-01 3.810000000000002274e-01 7.479999999999993321e-01
2.457677394510000013e+06 9.552939741768113890e-01 3.659999999999996589e-01 7.389999999999989910e-01
2.457677396420000121e+06 9.591770353058564069e-01 3.829999999999991189e-01 7.390000000000007674e-01
2.457677398330000229e+06 9.630600964349014248e-01 3.629999999999995453e-01 7.339999999999982094e-01
2.457677400239999872e+06 9.669431566173898318e-01 3.800000000000007816e-01 7.460000000000004405e-01
2.457677402460000012e+06 9.714564528285336564e-01 3.600000000000012079e-01 7.410000000000014353e-01
2.457677404730000068e+06 9.760713996761296585e-01 3.580000000000005400e-01 7.339999999999999858e-01
2.457677406880000141e+06 9.804423846176177904e-01 3.650000000000002132e-01 7.410000000000014353e-01
2.457677409070000052e+06 9.848946898789563420e-01 3.710000000000004405e-01 7.560000000000002274e-01
2.457677411150000058e+06 9.891233635507887811e-01 3.450000000000006395e-01 7.330000000000005400e-01
2.457677413350000046e+06 9.935959991287290904e-01 3.319999999999989626e-01 7.439999999999997726e-01
2.457677415500000119e+06 9.979669840702172223e-01 3.080000000000016058e-01 7.400000000000019895e-01
2.457677417539999820e+06 2.114336475415257155e-03 2.859999999999995879e-01 7.339999999999982094e-01
2.457677419679999817e+06 6.464991100301631377e-03 2.919999999999998153e-01 7.369999999999983231e-01
2.457677421740000136e+06 1.065300508548716607e-02 2.959999999999993747e-01 7.389999999999989910e-01
2.457677423899999820e+06 1.504431939679307106e-02 2.840000000000006963e-01 7.410000000000014353e-01
2.457677426039999817e+06 1.939497402167944529e-02 2.620000000000004547e-01 7.390000000000007674e-01
2.457677428170000203e+06 2.372529927674804640e-02 2.439999999999997726e-01 7.349999999999994316e-01
2.457677430279999971e+06 2.801496295160177397e-02 2.219999999999995310e-01 7.400000000000002132e-01
2.457677432289999910e+06 3.210132535355114669e-02 2.200000000000006395e-01 7.319999999999993179e-01
2.457677434379999992e+06 3.635032934198534349e-02 1.970000000000009521e-01 7.350000000000012079e-01
2.457677436379999854e+06 4.041636142733295856e-02 2.040000000000006253e-01 7.360000000000006537e-01
2.457677438389999792e+06 4.450272382950970496e-02 1.840000000000010516e-01 7.330000000000005400e-01
2.457677440330000129e+06 4.844677590835999581e-02 1.669999999999998153e-01 7.459999999999986642e-01
2.457677442309999838e+06 5.247214736050409556e-02 1.560000000000005826e-01 7.440000000000015490e-01
2.457677444310000166e+06 5.653818039263569517e-02 1.630000000000002558e-01 7.350000000000012079e-01
2.457677446299999952e+06 6.058388216138155258e-02 1.299999999999990052e-01 7.520000000000006679e-01
2.457677448309999891e+06 6.467024456333092530e-02 1.069999999999993179e-01 7.330000000000005400e-01
2.457677450300000142e+06 6.871594727886076726e-02 1.319999999999996732e-01 7.389999999999989910e-01
2.457677452289999928e+06 7.276164904760662466e-02 1.189999999999997726e-01 7.320000000000010942e-01
2.457677454429999925e+06 7.711230367249299888e-02 7.399999999999984368e-02 7.329999999999987637e-01
2.457677456429999787e+06 8.117833575784061395e-02 8.700000000000152056e-02 7.300000000000004263e-01
2.457677458579999860e+06 8.554932069932874583e-02 9.099999999999930367e-02 7.409999999999996589e-01
2.457677460589999799e+06 8.963568310150549223e-02 5.799999999999982947e-02 7.509999999999994458e-01
2.457677462809999939e+06 9.414897931264931685e-02 5.000000000000071054e-02 7.389999999999989910e-01
2.457677464850000106e+06 9.829633266463133623e-02 4.300000000000103739e-02 7.390000000000007674e-01
2.457677466909999959e+06 1.024843457030328864e-01 3.700000000000081002e-02 7.320000000000010942e-01
2.457677469020000193e+06 1.067740103246705985e-01 2.399999999999913314e-02 7.360000000000006537e-01
2.457677471080000047e+06 1.109620233630721486e-01 3.400000000000069633e-02 7.410000000000014353e-01
2.457677473180000205e+06 1.152313576681081031e-01 2.599999999999980105e-02 7.489999999999987779e-01
2.457677475339999888e+06 1.196226719796413818e-01 -9.999999999999786837e-03 7.330000000000005400e-01
2.457677477510000113e+06 1.240343175543330290e-01 -3.000000000000113687e-03 7.500000000000017764e-01
2.457677479590000119e+06 1.282629912261654681e-01 -2.399999999999913314e-02 7.300000000000022027e-01
2.457677486149999779e+06 1.415995766933519917e-01 -5.000000000000781597e-03 7.450000000000009948e-01
2.457677488400000148e+06 1.461738638545284630e-01 -1.500000000000056843e-02 7.569999999999996732e-01
2.457678036820000038e+06 2.611205986070217477e-01 -2.699999999999924682e-02 7.430000000000003268e-01
2.457678039140000008e+06 2.658371960910699272e-01 -1.900000000000012790e-02 7.349999999999994316e-01
2.457678041410000063e+06 2.704521429386659293e-01 -1.900000000000012790e-02 7.399999999999984368e-01
2.457678043670000043e+06 2.750467594698875473e-01 -9.999999999999786837e-03 7.489999999999987779e-01
2.457678045830000192e+06 2.794380747279774369e-01 -1.600000000000001421e-02 7.379999999999995453e-01
2.457678048380000051e+06 2.846222657078669727e-01 8.000000000000895284e-03 7.649999999999987921e-01
2.457678050580000039e+06 2.890949012858072820e-01 -2.000000000000667910e-03 7.340000000000017621e-01
2.457678052829999942e+06 2.936691875001997687e-01 7.000000000001449507e-03 7.380000000000013216e-01
2.457678055029999930e+06 2.981418230781400780e-01 1.600000000000001421e-02 7.309999999999998721e-01
2.457678057359999977e+06 3.028787508787900151e-01 2.800000000000046896e-02 7.490000000000005542e-01
2.457678059650000185e+06 3.075343583598169062e-01 3.200000000000002842e-02 7.400000000000002132e-01
2.457678061840000097e+06 3.119866636211554578e-01 4.099999999999859313e-02 7.389999999999989910e-01
2.457678064120000228e+06 3.166219407853532175e-01 4.299999999999926104e-02 7.449999999999992184e-01
2.457678066560000181e+06 3.215825001757366408e-01 5.799999999999982947e-02 7.400000000000019895e-01
2.457678068959999830e+06 3.264617382994856598e-01 5.499999999999971578e-02 7.479999999999993321e-01
2.457678070999999996e+06 3.306090916514676792e-01 6.099999999999994316e-02 7.379999999999995453e-01
2.457678073009999935e+06 3.346954540534170519e-01 7.499999999999928946e-02 7.349999999999994316e-01
2.457678075000000186e+06 3.387411567689468939e-01 7.399999999999984368e-02 7.500000000000017764e-01
2.457678077180000022e+06 3.431731317136836878e-01 8.300000000000018474e-02 7.359999999999988773e-01
2.457678079280000180e+06 3.474424660187196423e-01 7.399999999999984368e-02 7.439999999999997726e-01
2.457678081470000092e+06 3.518947712800581940e-01 1.080000000000005400e-01 7.470000000000016627e-01
2.457678083670000080e+06 3.563674068579985033e-01 1.159999999999996589e-01 7.430000000000003268e-01
2.457678085810000077e+06 3.607180614826575038e-01 1.280000000000001137e-01 7.439999999999997726e-01
2.457678087830000091e+06 3.648247542014360079e-01 1.449999999999995737e-01 7.530000000000001137e-01
2.457678089939999860e+06 3.691144178762897354e-01 1.410000000000000142e-01 7.379999999999995453e-01
2.457678091940000188e+06 3.731804509084213350e-01 1.449999999999995737e-01 7.309999999999998721e-01
2.457678093919999897e+06 3.772058223605654348e-01 1.610000000000013642e-01 7.320000000000010942e-01
2.457678095900000073e+06 3.812311947594935191e-01 1.760000000000001563e-01 7.279999999999997584e-01
2.457678097879999783e+06 3.852565662116376188e-01 1.890000000000000568e-01 7.409999999999996589e-01
2.457678100000000093e+06 3.895665611498770886e-01 1.959999999999997300e-01 7.370000000000000995e-01
2.457678101999999955e+06 3.936325932352247037e-01 2.119999999999997442e-01 7.430000000000003268e-01
2.457678103970000055e+06 3.976376353173236566e-01 2.220000000000013074e-01 7.450000000000009948e-01
2.457678106060000136e+06 4.018866393057578534e-01 2.300000000000004263e-01 7.430000000000003268e-01
2.457678108130000066e+06 4.060949826609885349e-01 2.539999999999995595e-01 7.469999999999998863e-01
2.457678110109999776e+06 4.101203541131326347e-01 2.639999999999993463e-01 7.560000000000002274e-01
2.457678112160000019e+06 4.142880377817164117e-01 2.650000000000005684e-01 7.430000000000003268e-01
2.457678114229999948e+06 4.184963811367197195e-01 2.690000000000001279e-01 7.329999999999987637e-01
2.457678116309999954e+06 4.227250548085521586e-01 2.880000000000002558e-01 7.439999999999997726e-01
2.457678118379999883e+06 4.269333981635554665e-01 2.989999999999994884e-01 7.339999999999999858e-01
2.457678120569999795e+06 4.313857034248940181e-01 3.029999999999990479e-01 7.319999999999993179e-01
2.457678122649999801e+06 4.356143770967264572e-01 3.279999999999994031e-01 7.369999999999983231e-01
2.457678124729999807e+06 4.398430507683315227e-01 3.210000000000015064e-01 7.330000000000005400e-01
2.457678126840000041e+06 4.441327153899692348e-01 3.300000000000000711e-01 7.589999999999985647e-01
2.457678129079999868e+06 4.486866712877599639e-01 3.559999999999998721e-01 7.339999999999999858e-01
2.457678131060000043e+06 4.527120436866880482e-01 3.510000000000008669e-01 7.400000000000002132e-01
2.457678133299999870e+06 4.572659995844787773e-01 3.549999999999986500e-01 7.279999999999997584e-01
2.457678135360000189e+06 4.614540135696643119e-01 3.620000000000000995e-01 7.500000000000000000e-01
2.457678137579999864e+06 4.659673088342515257e-01 3.499999999999996447e-01 7.210000000000000853e-01
2.457678139709999785e+06 4.702976331423087686e-01 3.549999999999986500e-01 7.349999999999994316e-01
2.457678141789999790e+06 4.745263068141412077e-01 3.680000000000003268e-01 7.469999999999998863e-01
2.457678143889999948e+06 4.787956411191771622e-01 3.819999999999996732e-01 7.580000000000008953e-01
2.457678146160000004e+06 4.834105879667731642e-01 3.680000000000003268e-01 7.490000000000005542e-01
2.457678148479999974e+06 4.881271854510487174e-01 3.479999999999989768e-01 7.270000000000003126e-01
2.457678150760000106e+06 4.927624626152464771e-01 3.450000000000006395e-01 7.430000000000003268e-01
2.457678152979999781e+06 4.972757578798336908e-01 3.249999999999992895e-01 7.279999999999997584e-01
2.457678155619999859e+06 5.026429207625824347e-01 3.250000000000010658e-01 7.440000000000015490e-01
2.457678157740000170e+06 5.069529157008219045e-01 3.179999999999996163e-01 7.530000000000001137e-01
2.457678160740000196e+06 5.130519643023490062e-01 3.039999999999984936e-01 7.459999999999986642e-01
2.457678162860000040e+06 5.173619582940318651e-01 2.740000000000009095e-01 7.219999999999995310e-01
2.457678165169999935e+06 5.220582254614782869e-01 2.859999999999995879e-01 7.509999999999994458e-01
2.457678167429999914e+06 5.266528419924725313e-01 2.449999999999992184e-01 7.339999999999999858e-01
2.457678169519999996e+06 5.309018459809067281e-01 2.400000000000002132e-01 7.500000000000000000e-01
2.457678171750000212e+06 5.354354725086523104e-01 2.339999999999999858e-01 7.450000000000009948e-01
2.457678173979999963e+06 5.399690980898412818e-01 2.130000000000009663e-01 7.320000000000010942e-01
2.457678176179999951e+06 5.444417336677815911e-01 2.089999999999996305e-01 7.400000000000002132e-01
2.457678178439999931e+06 5.490363501987758355e-01 1.730000000000000426e-01 7.509999999999976694e-01
2.457678180790000129e+06 5.538139386328566616e-01 2.009999999999987352e-01 7.319999999999993179e-01
2.457678183009999804e+06 5.583272338974438753e-01 1.760000000000001563e-01 7.530000000000001137e-01
2.457678185229999945e+06 5.628405301085876999e-01 1.560000000000005826e-01 7.280000000000015348e-01
2.457678187429999933e+06 5.673131656865280092e-01 1.590000000000006963e-01 7.469999999999998863e-01
2.457678189689999912e+06 5.719077822175222536e-01 1.559999999999988063e-01 7.489999999999987779e-01
2.457678191759999841e+06 5.761161255727529351e-01 1.449999999999995737e-01 7.439999999999997726e-01
2.457678193820000160e+06 5.803041395579384698e-01 1.210000000000004405e-01 7.539999999999995595e-01
2.457678195890000090e+06 5.845124829129417776e-01 1.170000000000008811e-01 7.500000000000000000e-01
2.457678198059999850e+06 5.889241275410768139e-01 1.089999999999999858e-01 7.350000000000012079e-01
2.457678200129999779e+06 5.931324708960801217e-01 9.900000000000019895e-02 7.510000000000012221e-01
2.457678202190000098e+06 5.973204848812656564e-01 9.899999999999842260e-02 7.500000000000000000e-01
2.457678204249999952e+06 6.015084979198945803e-01 8.099999999999951683e-02 7.339999999999999858e-01
2.457678206280000042e+06 6.056355209550474683e-01 8.499999999999907629e-02 7.439999999999997726e-01
2.457678208209999837e+06 6.095592417707393906e-01 6.000000000000049738e-02 7.420000000000008811e-01
2.457678210359999910e+06 6.139302267122275225e-01 6.599999999999894840e-02 7.460000000000004405e-01
2.457678218189999927e+06 6.298487434578419197e-01 4.199999999999981526e-02 7.409999999999978826e-01
2.457678222159999888e+06 6.379198176255158614e-01 2.999999999999936051e-02 7.260000000000008669e-01
2.457678231310000177e+06 6.565219162860103097e-01 1.399999999999934630e-02 7.549999999999990052e-01
2.457678235140000004e+06 6.643083679141454923e-01 2.000000000000667910e-03 7.349999999999994316e-01
2.457679035050000064e+06 2.905383428260392975e-01 8.000000000000895284e-03 7.379999999999995453e-01
2.457679036830000114e+06 2.941571117323746876e-01 1.600000000000001421e-02 7.379999999999977689e-01
2.457679038709999993e+06 2.979791819116144325e-01 9.000000000000341061e-03 7.279999999999997584e-01
2.457679040610000025e+06 3.018419127240576927e-01 2.200000000000024158e-02 7.349999999999994316e-01
2.457679042479999829e+06 3.056436525866956799e-01 2.800000000000046896e-02 7.470000000000016627e-01
2.457679044369999785e+06 3.094860530825371825e-01 3.200000000000002842e-02 7.370000000000000995e-01
2.457679046250000130e+06 3.133081242083335383e-01 3.899999999999970157e-02 7.409999999999996589e-01
2.457679048130000010e+06 3.171301943875732832e-01 5.200000000000137845e-02 7.490000000000005542e-01
2.457679050019999966e+06 3.209725948834147857e-01 6.200000000000116529e-02 7.540000000000013358e-01
2.457679051899999846e+06 3.247946650626545306e-01 6.299999999999883471e-02 7.400000000000019895e-01
2.457679055660000071e+06 3.324388063676906313e-01 6.500000000000127898e-02 7.590000000000003411e-01
2.457679057539999951e+06 3.362608765469303762e-01 8.599999999999852207e-02 7.349999999999994316e-01
2.457679059410000220e+06 3.400626173561249743e-01 9.400000000000119371e-02 7.289999999999992042e-01
2.457679061290000100e+06 3.438846875353647192e-01 8.699999999999974420e-02 7.480000000000011084e-01
