   0.0000000e+00   0.0000000e+00
   1.0000000e-02  -5.7180000e-03
   2.0000000e-02  -2.0967000e-02
   3.0000000e-02  -4.4329000e-02
   4.0000000e-02  -7.3619000e-02
   5.0000000e-02  -1.0719500e-01
   6.0000000e-02  -1.4344500e-01
   7.0000000e-02  -1.7678900e-01
   8.0000000e-02  -2.0596600e-01
   9.0000000e-02  -2.3484000e-01
   1.0000000e-01  -2.5927900e-01
   1.1000000e-01  -2.8208400e-01
   1.2000000e-01  -3.0338600e-01
   1.3000000e-01  -3.2212400e-01
   1.4000000e-01  -3.3943000e-01
   1.5000000e-01  -3.5596000e-01
   1.6000000e-01  -3.7150100e-01
   1.7000000e-01  -3.8583800e-01
   1.8000000e-01  -3.9870900e-01
   1.9000000e-01  -4.0998600e-01
   2.0000000e-01  -4.1958000e-01
   2.1000000e-01  -4.2737200e-01
   2.2000000e-01  -4.3323700e-01
   2.3000000e-01  -4.3714400e-01
   2.4000000e-01  -4.3909100e-01
   2.5000000e-01  -4.3905300e-01
   2.6000000e-01  -4.3705500e-01
   2.7000000e-01  -4.3309400e-01
   2.8000000e-01  -4.2723900e-01
   2.9000000e-01  -4.1950200e-01
   3.0000000e-01  -4.0997200e-01
   3.1000000e-01  -3.9878400e-01
   3.2000000e-01  -3.8608300e-01
   3.3000000e-01  -3.7199100e-01
   3.4000000e-01  -3.5664900e-01
   3.5000000e-01  -3.4036400e-01
   3.6000000e-01  -3.2335400e-01
   3.7000000e-01  -3.0587400e-01
   3.8000000e-01  -2.8741000e-01
   3.9000000e-01  -2.6820400e-01
   4.0000000e-01  -2.4594700e-01
   4.1000000e-01  -2.2224200e-01
   4.2000000e-01  -1.9477000e-01
   4.3000000e-01  -1.6429400e-01
   4.4000000e-01  -1.3351700e-01
   4.5000000e-01  -1.0183800e-01
   4.6000000e-01  -7.2309000e-02
   4.7000000e-01  -4.6558000e-02
   4.8000000e-01  -2.6106000e-02
   4.9000000e-01  -1.2680000e-02
   5.0000000e-01  -7.3620000e-03
   5.1000000e-01  -1.0776000e-02
   5.2000000e-01  -2.2520000e-02
   5.3000000e-01  -4.1354000e-02
   5.4000000e-01  -6.5649000e-02
   5.5000000e-01  -9.3831000e-02
   5.6000000e-01  -1.2443900e-01
   5.7000000e-01  -1.5426400e-01
   5.8000000e-01  -1.8392000e-01
   5.9000000e-01  -2.1066200e-01
   6.0000000e-01  -2.3375600e-01
   6.1000000e-01  -2.5550100e-01
   6.2000000e-01  -2.7426700e-01
   6.3000000e-01  -2.9237300e-01
   6.4000000e-01  -3.0958700e-01
   6.5000000e-01  -3.2640600e-01
   6.6000000e-01  -3.4257900e-01
   6.7000000e-01  -3.5787200e-01
   6.8000000e-01  -3.7196700e-01
   6.9000000e-01  -3.8472400e-01
   7.0000000e-01  -3.9600600e-01
   7.1000000e-01  -4.0566900e-01
   7.2000000e-01  -4.1356400e-01
   7.3000000e-01  -4.1960500e-01
   7.4000000e-01  -4.2377200e-01
   7.5000000e-01  -4.2599500e-01
   7.6000000e-01  -4.2627600e-01
   7.7000000e-01  -4.2458300e-01
   7.8000000e-01  -4.2095100e-01
   7.9000000e-01  -4.1536700e-01
   8.0000000e-01  -4.0787800e-01
   8.1000000e-01  -3.9859500e-01
   8.2000000e-01  -3.8764900e-01
   8.3000000e-01  -3.7512400e-01
   8.4000000e-01  -3.6115600e-01
   8.5000000e-01  -3.4600400e-01
   8.6000000e-01  -3.2989600e-01
   8.7000000e-01  -3.1303900e-01
   8.8000000e-01  -2.9478100e-01
   8.9000000e-01  -2.7398400e-01
   9.0000000e-01  -2.5171100e-01
   9.1000000e-01  -2.2784700e-01
   9.2000000e-01  -1.9957700e-01
   9.3000000e-01  -1.7107100e-01
   9.4000000e-01  -1.3836100e-01
   9.5000000e-01  -1.0283700e-01
   9.6000000e-01  -7.0013000e-02
   9.7000000e-01  -4.1618000e-02
   9.8000000e-01  -1.9104000e-02
   9.9000000e-01  -4.6820000e-03
   1.0000000e+00   0.0000000e+00
