   0.0000000e+00   0.0000000e+00
   1.0000000e-02  -6.4740000e-03
   2.0000000e-02  -2.3421000e-02
   3.0000000e-02  -4.5939000e-02
   4.0000000e-02  -7.4216000e-02
   5.0000000e-02  -1.0648900e-01
   6.0000000e-02  -1.3862000e-01
   7.0000000e-02  -1.7458000e-01
   8.0000000e-02  -2.0603600e-01
   9.0000000e-02  -2.3363200e-01
   1.0000000e-01  -2.6016300e-01
   1.1000000e-01  -2.8153600e-01
   1.2000000e-01  -3.0193300e-01
   1.3000000e-01  -3.1994800e-01
   1.4000000e-01  -3.3655200e-01
   1.5000000e-01  -3.5238800e-01
   1.6000000e-01  -3.6728700e-01
   1.7000000e-01  -3.8095000e-01
   1.8000000e-01  -3.9320300e-01
   1.9000000e-01  -4.0382300e-01
   2.0000000e-01  -4.1276400e-01
   2.1000000e-01  -4.1989400e-01
   2.2000000e-01  -4.2514000e-01
   2.3000000e-01  -4.2843900e-01
   2.4000000e-01  -4.2979300e-01
   2.5000000e-01  -4.2917700e-01
   2.6000000e-01  -4.2662900e-01
   2.7000000e-01  -4.2215900e-01
   2.8000000e-01  -4.1582800e-01
   2.9000000e-01  -4.0768700e-01
   3.0000000e-01  -3.9784200e-01
   3.1000000e-01  -3.8642200e-01
   3.2000000e-01  -3.7357300e-01
   3.3000000e-01  -3.5942300e-01
   3.4000000e-01  -3.4421800e-01
   3.5000000e-01  -3.2815300e-01
   3.6000000e-01  -3.1155900e-01
   3.7000000e-01  -2.9465500e-01
   3.8000000e-01  -2.7706500e-01
   3.9000000e-01  -2.5762100e-01
   4.0000000e-01  -2.3667700e-01
   4.1000000e-01  -2.1296800e-01
   4.2000000e-01  -1.8608200e-01
   4.3000000e-01  -1.5748600e-01
   4.4000000e-01  -1.2719500e-01
   4.5000000e-01  -9.7923000e-02
   4.6000000e-01  -7.0712000e-02
   4.7000000e-01  -4.3800000e-02
   4.8000000e-01  -2.3853000e-02
   4.9000000e-01  -1.0519000e-02
   5.0000000e-01  -5.2380000e-03
   5.1000000e-01  -8.2890000e-03
   5.2000000e-01  -1.9380000e-02
   5.3000000e-01  -3.7298000e-02
   5.4000000e-01  -6.2434000e-02
   5.5000000e-01  -8.8056000e-02
   5.6000000e-01  -1.1597200e-01
   5.7000000e-01  -1.4505200e-01
   5.8000000e-01  -1.7268200e-01
   5.9000000e-01  -1.9877500e-01
   6.0000000e-01  -2.2177200e-01
   6.1000000e-01  -2.4214600e-01
   6.2000000e-01  -2.6112800e-01
   6.3000000e-01  -2.7835700e-01
   6.4000000e-01  -2.9500800e-01
   6.5000000e-01  -3.1145100e-01
   6.6000000e-01  -3.2746200e-01
   6.7000000e-01  -3.4268900e-01
   6.8000000e-01  -3.5693100e-01
   6.9000000e-01  -3.6992800e-01
   7.0000000e-01  -3.8154500e-01
   7.1000000e-01  -3.9162700e-01
   7.2000000e-01  -4.0003600e-01
   7.3000000e-01  -4.0666400e-01
   7.4000000e-01  -4.1144900e-01
   7.5000000e-01  -4.1433300e-01
   7.6000000e-01  -4.1529500e-01
   7.7000000e-01  -4.1430400e-01
   7.8000000e-01  -4.1137500e-01
   7.9000000e-01  -4.0651000e-01
   8.0000000e-01  -3.9977000e-01
   8.1000000e-01  -3.9122800e-01
   8.2000000e-01  -3.8101800e-01
   8.3000000e-01  -3.6918600e-01
   8.4000000e-01  -3.5595900e-01
   8.5000000e-01  -3.4151800e-01
   8.6000000e-01  -3.2616100e-01
   8.7000000e-01  -3.1006700e-01
   8.8000000e-01  -2.9258400e-01
   8.9000000e-01  -2.7274000e-01
   9.0000000e-01  -2.5196400e-01
   9.1000000e-01  -2.2601100e-01
   9.2000000e-01  -1.9910100e-01
   9.3000000e-01  -1.6842000e-01
   9.4000000e-01  -1.3310400e-01
   9.5000000e-01  -1.0177100e-01
   9.6000000e-01  -7.0286000e-02
   9.7000000e-01  -4.2916000e-02
   9.8000000e-01  -2.1323000e-02
   9.9000000e-01  -5.4050000e-03
   1.0000000e+00   0.0000000e+00
