   0.0000000e+00   0.0000000e+00
   1.0000000e-02  -6.4300000e-03
   2.0000000e-02  -2.3858000e-02
   3.0000000e-02  -4.7171000e-02
   4.0000000e-02  -7.6538000e-02
   5.0000000e-02  -1.0999400e-01
   6.0000000e-02  -1.4333400e-01
   7.0000000e-02  -1.8033500e-01
   8.0000000e-02  -2.1267700e-01
   9.0000000e-02  -2.4117100e-01
   1.0000000e-01  -2.6850600e-01
   1.1000000e-01  -2.9095600e-01
   1.2000000e-01  -3.1226700e-01
   1.3000000e-01  -3.3135600e-01
   1.4000000e-01  -3.4911100e-01
   1.5000000e-01  -3.6597000e-01
   1.6000000e-01  -3.8172800e-01
   1.7000000e-01  -3.9612300e-01
   1.8000000e-01  -4.0897900e-01
   1.9000000e-01  -4.2010400e-01
   2.0000000e-01  -4.2943500e-01
   2.1000000e-01  -4.3686000e-01
   2.2000000e-01  -4.4231100e-01
   2.3000000e-01  -4.4574400e-01
   2.4000000e-01  -4.4715400e-01
   2.5000000e-01  -4.4653900e-01
   2.6000000e-01  -4.4392800e-01
   2.7000000e-01  -4.3935700e-01
   2.8000000e-01  -4.3288800e-01
   2.9000000e-01  -4.2459400e-01
   3.0000000e-01  -4.1458800e-01
   3.1000000e-01  -4.0300400e-01
   3.2000000e-01  -3.8999600e-01
   3.3000000e-01  -3.7571700e-01
   3.4000000e-01  -3.6040400e-01
   3.5000000e-01  -3.4425600e-01
   3.6000000e-01  -3.2758400e-01
   3.7000000e-01  -3.1061300e-01
   3.8000000e-01  -2.9313100e-01
   3.9000000e-01  -2.7417000e-01
   4.0000000e-01  -2.5390800e-01
   4.1000000e-01  -2.3127700e-01
   4.2000000e-01  -2.0574100e-01
   4.3000000e-01  -1.7864300e-01
   4.4000000e-01  -1.5000000e-01
   4.5000000e-01  -1.2233600e-01
   4.6000000e-01  -9.6683000e-02
   4.7000000e-01  -7.1416000e-02
   4.8000000e-01  -5.2764000e-02
   4.9000000e-01  -4.0371000e-02
   5.0000000e-01  -3.5562000e-02
   5.1000000e-01  -3.8612000e-02
   5.2000000e-01  -4.9240000e-02
   5.3000000e-01  -6.6332000e-02
   5.4000000e-01  -9.0269000e-02
   5.5000000e-01  -1.1477800e-01
   5.6000000e-01  -1.4152000e-01
   5.7000000e-01  -1.6938800e-01
   5.8000000e-01  -1.9594400e-01
   5.9000000e-01  -2.2110500e-01
   6.0000000e-01  -2.4345200e-01
   6.1000000e-01  -2.6355700e-01
   6.2000000e-01  -2.8246400e-01
   6.3000000e-01  -2.9997800e-01
   6.4000000e-01  -3.1706900e-01
   6.5000000e-01  -3.3393200e-01
   6.6000000e-01  -3.5033700e-01
   6.7000000e-01  -3.6595100e-01
   6.8000000e-01  -3.8057300e-01
   6.9000000e-01  -3.9394600e-01
   7.0000000e-01  -4.0591600e-01
   7.1000000e-01  -4.1631400e-01
   7.2000000e-01  -4.2500800e-01
   7.3000000e-01  -4.3187200e-01
   7.4000000e-01  -4.3683400e-01
   7.5000000e-01  -4.3982200e-01
   7.6000000e-01  -4.4080300e-01
   7.7000000e-01  -4.3974200e-01
   7.8000000e-01  -4.3664100e-01
   7.9000000e-01  -4.3150200e-01
   8.0000000e-01  -4.2437300e-01
   8.1000000e-01  -4.1531700e-01
   8.2000000e-01  -4.0445000e-01
   8.3000000e-01  -3.9183600e-01
   8.4000000e-01  -3.7766700e-01
   8.5000000e-01  -3.6212500e-01
   8.6000000e-01  -3.4546900e-01
   8.7000000e-01  -3.2791300e-01
   8.8000000e-01  -3.0901900e-01
   8.9000000e-01  -2.8790400e-01
   9.0000000e-01  -2.6566200e-01
   9.1000000e-01  -2.3851100e-01
   9.2000000e-01  -2.1027900e-01
   9.3000000e-01  -1.7826400e-01
   9.4000000e-01  -1.4145000e-01
   9.5000000e-01  -1.0840300e-01
   9.6000000e-01  -7.5183000e-02
   9.7000000e-01  -4.6133000e-02
   9.8000000e-01  -2.3115000e-02
   9.9000000e-01  -6.0490000e-03
   1.0000000e+00   0.0000000e+00
