   3.7001565e-05   4.9962222e+00  -3.7539858e-03
   8.0954718e-04   4.9932222e+00  -6.2572389e-03
   1.9480368e-03   4.9992222e+00   4.7480989e-04
   4.7332689e-03   4.9702222e+00  -2.6734286e-02
   4.8349194e-03   4.9972222e+00   3.3107538e-04
   5.6684564e-03   5.0202222e+00   2.3867040e-02
   8.5959988e-03   4.9682222e+00  -2.6250551e-02
   9.1449134e-03   4.9842222e+00  -9.8975985e-03
   9.4295356e-03   4.9812222e+00  -1.2714586e-02
   1.2499390e-02   4.9602222e+00  -2.8991840e-02
   1.3149955e-02   4.9992222e+00   1.1141964e-02
   1.3800521e-02   4.9942222e+00   7.2757699e-03
   1.6850045e-02   4.9712222e+00  -1.0409519e-02
   1.8008864e-02   4.9782222e+00  -1.3899293e-03
   2.2522160e-02   4.9852222e+00   1.4960135e-02
   2.6954135e-02   4.9592222e+00  -7.0760203e-04
   3.1060828e-02   4.9422222e+00  -7.4914440e-03
   3.1731723e-02   4.9322222e+00  -1.5521225e-02
   3.5472473e-02   4.9102222e+00  -2.6535765e-02
   3.5472474e-02   4.9302222e+00  -6.5357644e-03
   3.9152232e-02   4.9132222e+00  -1.2729417e-02
   3.9579165e-02   4.9062222e+00  -1.8475643e-02
   4.4051802e-02   4.8932222e+00  -1.6684069e-02
   4.6572742e-02   4.8862222e+00  -1.5250012e-02
   4.8422786e-02   4.8742222e+00  -2.1060505e-02
   5.0272831e-02   4.8662222e+00  -2.2874159e-02
   5.2753111e-02   4.8562222e+00  -2.4604905e-02
   5.4033911e-02   4.8562222e+00  -2.0334717e-02
   5.7083436e-02   4.8512222e+00  -1.5167604e-02
   5.7693340e-02   4.8372222e+00  -2.7134182e-02
   6.1129137e-02   4.8282222e+00  -2.4265857e-02
   6.1413759e-02   4.8422222e+00  -9.2127263e-03
   6.5459462e-02   4.8232222e+00  -1.3243224e-02
   6.8834269e-02   4.7992222e+00  -2.4756098e-02
   6.9464504e-02   4.8102222e+00  -1.1424168e-02
   7.3550866e-02   4.8092222e+00   1.0414332e-03
   7.7596569e-02   4.7832222e+00  -1.1873955e-02
   8.1581281e-02   4.7762222e+00  -6.5950770e-03
   8.5586322e-02   4.7552222e+00  -1.6183113e-02
   8.9632024e-02   4.7632222e+00   3.3447125e-03
   9.3718387e-02   4.7362222e+00  -1.2442567e-02
   9.7764090e-02   4.7492222e+00   1.1616361e-02
   1.0180979e-01   4.7182222e+00  -9.2087964e-03
   1.0614012e-01   4.7252222e+00   7.5127817e-03
   1.1022648e-01   4.7122222e+00   3.6608695e-03
   1.1455680e-01   4.6842222e+00  -1.5110776e-02
   1.1864317e-01   4.6882222e+00  -2.4023275e-03
   1.2301415e-01   4.6992222e+00   1.7242932e-02
   1.2726315e-01   4.6942222e+00   2.0353856e-02
   1.3141051e-01   4.6802222e+00   1.4082577e-02
   1.3580182e-01   4.6602222e+00   1.8793576e-03
   1.3990851e-01   4.6672222e+00   1.6170791e-02
   1.4407620e-01   4.6582222e+00   1.4205284e-02
   1.4856916e-01   4.6262222e+00  -1.0220025e-02
   1.5298081e-01   4.6042222e+00  -2.5110620e-02
   1.5712816e-01   4.6332222e+00   1.0424779e-02
   1.6015736e-01   4.6222222e+00   4.1767362e-03
   1.6133650e-01   4.6002222e+00  -1.6125879e-02
   1.6576848e-01   4.6172222e+00   7.2539503e-03
   1.6613442e-01   4.6072222e+00  -2.2192749e-03
   1.7050541e-01   4.6042222e+00   9.9497430e-04
   1.7491705e-01   4.6122222e+00   1.4666586e-02
   1.7947101e-01   4.6002222e+00   8.5211516e-03
   1.7989794e-01   4.5962222e+00   5.0700177e-03
   1.8390299e-01   4.5942222e+00   7.5432931e-03
   1.8792836e-01   4.5882222e+00   6.0215188e-03
   1.9199439e-01   4.5882222e+00   1.0187187e-02
   1.9579613e-01   4.5842222e+00   9.7345905e-03
   1.9982150e-01   4.5822222e+00   1.1490666e-02
   2.0289136e-01   4.5622222e+00  -6.1959464e-03
   2.0362324e-01   4.5742222e+00   6.3474791e-03
   2.0744531e-01   4.5782222e+00   1.3185366e-02
   2.0968163e-01   4.5592222e+00  -4.1541675e-03
   2.1122672e-01   4.5652222e+00   2.7509086e-03
   2.1388997e-01   4.5632222e+00   2.2026467e-03
   2.1502846e-01   4.5642222e+00   3.8232369e-03
   2.1783402e-01   4.5562222e+00  -2.6474510e-03
   2.1883020e-01   4.5632222e+00   4.8955659e-03
   2.2173742e-01   4.5612222e+00   4.1296771e-03
   2.2263194e-01   4.5552222e+00  -1.5632318e-03
   2.2568147e-01   4.5622222e+00   6.4836699e-03
   2.2639302e-01   4.5602222e+00   4.7279470e-03
   2.2966618e-01   4.5612222e+00   6.8516214e-03
   2.3015410e-01   4.5712222e+00   1.6987951e-02
   2.3361023e-01   4.5602222e+00   6.4752646e-03
   2.3389485e-01   4.5562222e+00   2.5153965e-03
   2.3749329e-01   4.5702222e+00   1.7022776e-02
   2.3763560e-01   4.5612222e+00   8.0428421e-03
   2.4044116e-01   4.5672222e+00   1.4349091e-02
   2.4145767e-01   4.5672222e+00   1.4286575e-02
   2.4507644e-01   4.5652222e+00   1.2064021e-02
   2.4534073e-01   4.5622222e+00   9.0477671e-03
   2.4879686e-01   4.5672222e+00   1.3835215e-02
   2.4926446e-01   4.5662222e+00   1.2806458e-02
   2.5249695e-01   4.5602222e+00   6.1092684e-03
   2.5314752e-01   4.5522222e+00  -2.0605941e-03
   2.5589209e-01   4.5852222e+00   3.0222798e-02
   2.5705091e-01   4.5652222e+00   9.9202304e-03
   2.5934822e-01   4.5752222e+00   1.9320403e-02
   2.6095430e-01   4.5672222e+00   1.0714013e-02
   2.6286533e-01   4.5602222e+00   2.8404782e-03
   2.6487802e-01   4.5632222e+00   4.9204796e-03
   2.6656542e-01   4.5642222e+00   5.1491674e-03
   2.6827316e-01   4.5602222e+00   3.6856231e-04
   2.6967594e-01   4.5552222e+00  -5.2726488e-03
   2.7028584e-01   4.5672222e+00   6.3943107e-03
   2.7270513e-01   4.5662222e+00   3.8292726e-03
   2.7374197e-01   4.5602222e+00  -2.8414579e-03
   2.7396560e-01   4.5762222e+00   1.3013875e-02
   2.7662885e-01   4.5692222e+00   4.2910176e-03
   2.7766569e-01   4.5702222e+00   4.6202864e-03
   2.7780800e-01   4.5712222e+00   5.5282254e-03
   2.8028828e-01   4.5762222e+00   8.8711212e-03
   2.8128446e-01   4.5772222e+00   9.0448915e-03
   2.8187403e-01   4.5702222e+00   1.5558979e-03
   2.8400870e-01   4.5842222e+00   1.3785405e-02
   2.8496422e-01   4.5752222e+00   3.9928987e-03
   2.8575710e-01   4.5622222e+00  -9.6647130e-03
   2.8793242e-01   4.5832222e+00   9.5310712e-03
   2.8866431e-01   4.5852222e+00   1.0924045e-02
   2.8955884e-01   4.5762222e+00   1.1821239e-03
   2.9037204e-01   4.5772222e+00   1.4439569e-03
   2.9191713e-01   4.5882222e+00   1.0897938e-02
   2.9236440e-01   4.5902222e+00   1.2450406e-02
   2.9342157e-01   4.5792222e+00   3.9260282e-04
   2.9508864e-01   4.5812222e+00   7.2452944e-04
   2.9582053e-01   4.5942222e+00   1.2992204e-02
   2.9586119e-01   4.5922222e+00   1.0951520e-02
   2.9726397e-01   4.5902222e+00   7.5478969e-03
   2.9950028e-01   4.6022222e+00   1.7310237e-02
   2.9952061e-01   4.5962222e+00   1.1289895e-02
   2.9968326e-01   4.5882222e+00   3.1271561e-03
   3.0112670e-01   4.5862222e+00  -4.9494448e-04
   3.0318004e-01   4.5942222e+00   5.1264594e-03
   3.0342401e-01   4.6002222e+00   1.0843853e-02
   3.0429820e-01   4.6032222e+00   1.2831184e-02
   3.0500976e-01   4.5842222e+00  -6.9930825e-03
   3.0688013e-01   4.6042222e+00   1.0840275e-02
   3.0734773e-01   4.6022222e+00   8.2986152e-03
   3.0866919e-01   4.6102222e+00   1.4767835e-02
   3.0887249e-01   4.5962222e+00   5.3233014e-04
   3.1051923e-01   4.6132222e+00   1.5550804e-02
   3.1275555e-01   4.6052222e+00   4.6418029e-03
   3.1385338e-01   4.6272222e+00   2.5213747e-02
   3.1472758e-01   4.6132222e+00   1.0076591e-02
   3.1661828e-01   4.6002222e+00  -5.3828373e-03
   3.1832601e-01   4.6342222e+00   2.6395743e-02
   3.1848866e-01   4.6162222e+00   8.1841781e-03
   3.2052167e-01   4.6172222e+00   6.4733265e-03
   3.2218875e-01   4.6332222e+00   2.0092913e-02
   3.2290030e-01   4.6252222e+00   1.1076883e-02
   3.2359153e-01   4.6362222e+00   2.1089882e-02
   3.2468936e-01   4.6192222e+00   2.5222910e-03
   3.2592950e-01   4.6242222e+00   5.7514958e-03
   3.2739327e-01   4.6322222e+00   1.1661377e-02
   3.2741360e-01   4.6482222e+00   2.7632347e-02
   3.2857242e-01   4.6272222e+00   4.9776694e-03
   3.2989388e-01   4.6352222e+00   1.1090756e-02
   3.3125600e-01   4.6442222e+00   1.8015913e-02
   3.3210986e-01   4.6362222e+00   8.7083874e-03
   3.3245548e-01   4.6382222e+00   1.0179150e-02
   3.3324835e-01   4.6342222e+00   4.9650185e-03
   3.3509840e-01   4.6482222e+00   1.6132045e-02
   3.3678580e-01   4.6492222e+00   1.4548124e-02
   3.3892047e-01   4.6572222e+00   1.9279309e-02
   3.3940839e-01   4.6362222e+00  -2.4678494e-03
   3.4119745e-01   4.6382222e+00  -3.3074144e-03
   3.4274254e-01   4.6792222e+00   3.5197571e-02
   3.4585305e-01   4.6592222e+00   1.0174711e-02
   3.4656461e-01   4.6822222e+00   3.2025690e-02
   3.4678824e-01   4.6522222e+00   1.6645695e-03
   3.4989876e-01   4.6662222e+00   1.0641711e-02
   3.5038668e-01   4.6752222e+00   1.8833549e-02
   3.5046800e-01   4.6582222e+00   1.6979716e-03
   3.5081361e-01   4.6672222e+00   1.0121766e-02
   3.5280597e-01   4.6702222e+00   9.8001110e-03
   3.5388347e-01   4.6732222e+00   1.1003705e-02
   3.5418842e-01   4.6812222e+00   1.8495288e-02
   3.5422908e-01   4.6782222e+00   1.5427499e-02
   3.5567252e-01   4.6802222e+00   1.5020993e-02
   3.5758356e-01   4.6752222e+00   6.8349161e-03
   3.5766488e-01   4.6762222e+00   7.6993380e-03
   3.5805115e-01   4.6962222e+00   2.7055344e-02
   3.5986054e-01   4.6682222e+00  -3.9612620e-03
   3.6132431e-01   4.6802222e+00   5.5587402e-03
   3.6183256e-01   4.6872222e+00   1.1696183e-02
   3.6187322e-01   4.6842222e+00   8.6271775e-03
   3.6392657e-01   4.6872222e+00   8.1424450e-03
   3.6500407e-01   4.6912222e+00   1.0313821e-02
   3.6567496e-01   4.6962222e+00   1.4175245e-02
   3.6573595e-01   4.6972222e+00   1.5071737e-02
   3.6797227e-01   4.7052222e+00   1.9276483e-02
   3.6866350e-01   4.7032222e+00   1.6103404e-02
   3.6949703e-01   4.7082222e+00   1.9688810e-02
   3.6994430e-01   4.7022222e+00   1.2929758e-02
   3.7238392e-01   4.6972222e+00   3.6676614e-03
   3.7260755e-01   4.6972222e+00   3.2767083e-03
   3.7331910e-01   4.7262222e+00   3.1032768e-02
   3.7362405e-01   4.7172222e+00   2.1499650e-02
   3.7612467e-01   4.7122222e+00   1.2128083e-02
   3.7685655e-01   4.7052222e+00   3.8486012e-03
   3.7750712e-01   4.7272222e+00   2.4711282e-02
   3.7972310e-01   4.7382222e+00   3.1837292e-02
   3.8122754e-01   4.7112222e+00   2.0256925e-03
   3.8128853e-01   4.7192222e+00   9.9100480e-03
   3.8291494e-01   4.7182222e+00   5.8262066e-03
   3.8515126e-01   4.7382222e+00   2.1585924e-02
   3.8576116e-01   4.7312222e+00   1.3429484e-02
   3.8683866e-01   4.7222222e+00   2.3864382e-03
   3.8708262e-01   4.7322222e+00   1.1923863e-02
   3.8885135e-01   4.7362222e+00   1.2570184e-02
   3.8990851e-01   4.7312222e+00   5.5656888e-03
   3.9072172e-01   4.7462222e+00   1.8929872e-02
   3.9074205e-01   4.7602222e+00   3.2888678e-02
   3.9279540e-01   4.7502222e+00   1.8728188e-02
   3.9423884e-01   4.7612222e+00   2.6803486e-02
   3.9442181e-01   4.7642222e+00   2.9432751e-02
   3.9460478e-01   4.7402222e+00   5.0620135e-03
   3.9651582e-01   4.7552222e+00   1.6189874e-02
   3.9810157e-01   4.7852222e+00   4.2976821e-02
   3.9834553e-01   4.7602222e+00   1.7482505e-02
   3.9846751e-01   4.7462222e+00   3.2353483e-03
   4.0068350e-01   4.7602222e+00   1.2583392e-02
   4.0178133e-01   4.7832222e+00   3.3098897e-02
   4.0235057e-01   4.7672222e+00   1.5810639e-02
   4.0261487e-01   4.7652222e+00   1.3212520e-02
   4.0452590e-01   4.7692222e+00   1.2887655e-02
   4.0546109e-01   4.8002222e+00   4.1771232e-02
   4.0621330e-01   4.7652222e+00   5.0688928e-03
   4.0661991e-01   4.7742222e+00   1.3148710e-02
   4.0824632e-01   4.7702222e+00   5.4679739e-03
   4.0916118e-01   4.7862222e+00   1.9397561e-02
   4.1007604e-01   4.7902222e+00   2.1305058e-02
   4.1064528e-01   4.7732222e+00   2.8514356e-03
   4.1217004e-01   4.7852222e+00   1.0957804e-02
   4.1284094e-01   4.8102222e+00   3.4244606e-02
   4.1393877e-01   4.7902222e+00   1.1441189e-02
   4.1467065e-01   4.7922222e+00   1.1572247e-02
   4.1607343e-01   4.7912222e+00   6.9901038e-03
   4.1652070e-01   4.8212222e+00   3.5847971e-02
   4.1782183e-01   4.7962222e+00   7.5254066e-03
   4.1875701e-01   4.8242222e+00   3.3137312e-02
   4.1995649e-01   4.8012222e+00   7.0743189e-03
   4.2024112e-01   4.8272222e+00   3.2309846e-02
   4.2168456e-01   4.8152222e+00   1.6398409e-02
   4.2304668e-01   4.8242222e+00   2.1707333e-02
   4.2365658e-01   4.8222222e+00   1.8054613e-02
   4.2390054e-01   4.8382222e+00   3.3393526e-02
   4.2650281e-01   4.8192222e+00   7.3419181e-03
   4.2705172e-01   4.8212222e+00   7.8544703e-03
   4.2755997e-01   4.8392222e+00   2.4477205e-02
   4.2758030e-01   4.8572222e+00   4.2422113e-02
   4.3109742e-01   4.8242222e+00  -2.7812412e-04
   4.3128039e-01   4.8672222e+00   4.2197790e-02
   4.3136171e-01   4.8322222e+00   6.9648622e-03
   4.3140238e-01   4.8432222e+00   1.7848399e-02
   4.3489916e-01   4.8672222e+00   3.1832550e-02
   4.3526511e-01   4.8552222e+00   1.8784382e-02
   4.3532610e-01   4.8542222e+00   1.7609686e-02
   4.3575303e-01   4.8532222e+00   1.5386821e-02
   4.3861958e-01   4.8862222e+00   4.0176153e-02
   4.3914817e-01   4.8622222e+00   1.4662130e-02
   4.3953444e-01   4.8702222e+00   2.1555728e-02
   4.4250264e-01   4.8982222e+00   4.1298909e-02
   4.4284826e-01   4.8732222e+00   1.5342808e-02
   4.4349882e-01   4.8762222e+00   1.6543085e-02
   4.4620273e-01   4.9122222e+00   4.5062983e-02
   4.4656868e-01   4.8922222e+00   2.4050637e-02
   4.4772749e-01   4.8782222e+00   6.8448819e-03
   4.4870334e-01   4.8812222e+00   7.1452956e-03
   4.4990282e-01   4.9122222e+00   3.4827056e-02
   4.5028910e-01   4.9072222e+00   2.8816606e-02
   4.5193584e-01   4.8972222e+00   1.4592215e-02
   4.5360291e-01   4.9282222e+00   4.1315674e-02
   4.5411117e-01   4.9002222e+00   1.2011849e-02
   4.5614418e-01   4.9192222e+00   2.5796552e-02
   4.5705904e-01   4.9082222e+00   1.2449669e-02
   4.5732333e-01   4.9282222e+00   3.1771682e-02
   4.5805522e-01   4.9242222e+00   2.5894175e-02
   4.6057616e-01   4.9282222e+00   2.3449447e-02
   4.6096243e-01   4.9352222e+00   2.9473451e-02
   4.6171465e-01   4.9322222e+00   2.4572825e-02
   4.6464219e-01   4.9752222e+00   6.0175801e-02
   4.6482516e-01   4.9252222e+00   9.7134881e-03
   4.6543507e-01   4.9422222e+00   2.5172441e-02
   4.6832195e-01   4.9652222e+00   4.0878155e-02
   4.6913516e-01   4.9382222e+00   1.1823426e-02
   4.6925714e-01   4.9362222e+00   9.5152170e-03
   4.6958242e-01   4.9322222e+00   4.6933251e-03
   4.7198138e-01   4.9702222e+00   3.7942556e-02
   4.7301822e-01   4.9512222e+00   1.7008645e-02
   4.7354680e-01   4.9582222e+00   2.3022730e-02
   4.7366878e-01   4.9392222e+00   3.7952119e-03
   4.7564081e-01   4.9772222e+00   3.8116989e-02
   4.7671831e-01   4.9462222e+00   5.1072388e-03
   4.7777547e-01   4.9532222e+00   1.0135409e-02
   4.7787712e-01   4.9522222e+00   8.9458091e-03
   4.7932057e-01   4.9792222e+00   3.3253501e-02
   4.8070302e-01   4.9642222e+00   1.6114973e-02
   4.8190250e-01   4.9582222e+00   8.6284580e-03
   4.8212613e-01   4.9662222e+00   1.6351311e-02
   4.8458608e-01   4.9742222e+00   2.1302695e-02
   4.8602952e-01   4.9642222e+00   9.5138383e-03
   4.8645645e-01   4.9712222e+00   1.5984740e-02
   4.8850980e-01   4.9672222e+00   9.4400281e-03
   4.9021753e-01   4.9692222e+00   9.4886107e-03
   4.9086810e-01   4.9592222e+00  -8.2424597e-04
   4.9220989e-01   4.9722222e+00   1.1530487e-02
   4.9438522e-01   4.9642222e+00   2.4843716e-03
   4.9586932e-01   4.9752222e+00   1.2770667e-02
   4.9855290e-01   4.9672222e+00   3.4801330e-03
   4.9965073e-01   4.9782222e+00   1.3952187e-02
   4.9969139e-01   4.9752222e+00   1.0932634e-02
   5.0298487e-01   4.9652222e+00   1.6946088e-03
   5.0331016e-01   4.9792222e+00   1.5793820e-02
   5.0396072e-01   4.9792222e+00   1.5992242e-02
   5.0701025e-01   4.9712222e+00   8.9223473e-03
   5.0731520e-01   4.9592222e+00  -2.9846420e-03
   5.0820973e-01   4.9752222e+00   1.3288189e-02
   5.1089331e-01   4.9762222e+00   1.5783629e-02
   5.1164552e-01   4.9642222e+00   4.5830849e-03
   5.1262137e-01   4.9612222e+00   2.6202151e-03
   5.1483736e-01   4.9732222e+00   1.6975367e-02
   5.1624014e-01   4.9682222e+00   1.3466243e-02
   5.1737863e-01   4.9692222e+00   1.5676229e-02
   5.1849679e-01   4.9662222e+00   1.3864609e-02
   5.2010287e-01   4.9672222e+00   1.6638049e-02
   5.2166829e-01   4.9432222e+00  -4.6863304e-03
   5.2223754e-01   4.9582222e+00   1.1286622e-02
   5.2398593e-01   4.9632222e+00   1.9274978e-02
   5.2595796e-01   4.9492222e+00   8.6455631e-03
   5.2650687e-01   4.9312222e+00  -8.4162321e-03
   5.2786899e-01   4.9482222e+00   1.0911904e-02
   5.2965805e-01   4.9412222e+00   6.9697556e-03
   5.3108116e-01   4.9372222e+00   6.1421907e-03
   5.3173172e-01   4.9322222e+00   2.6994481e-03
   5.3337847e-01   4.9442222e+00   1.8641257e-02
   5.3561478e-01   4.9412222e+00   2.0994331e-02
   5.3636700e-01   4.9192222e+00   7.9490975e-04
   5.3713955e-01   4.9172222e+00   6.4415446e-04
   5.3949785e-01   4.9242222e+00   1.3289215e-02
   5.4079898e-01   4.9182222e+00   1.0449432e-02
   5.4153086e-01   4.9112222e+00   5.2432106e-03
   5.4338091e-01   4.9112222e+00   9.7774862e-03
   5.4449907e-01   4.9072222e+00   8.5179811e-03
   5.4659307e-01   4.8952222e+00   1.6501811e-03
   5.4726397e-01   4.9032222e+00   1.1294478e-02
   5.4828047e-01   4.8962222e+00   6.7858377e-03
   5.5128934e-01   4.8972222e+00   1.5448172e-02
   5.5200089e-01   4.8942222e+00   1.4351015e-02
   5.5212288e-01   4.8852222e+00   5.6772177e-03
   5.5557900e-01   4.8842222e+00   1.3919593e-02
   5.5588396e-01   4.8842222e+00   1.4735097e-02
   5.5602627e-01   4.8832222e+00   1.4115665e-02
   5.5972636e-01   4.8562222e+00  -2.9895569e-03
   5.6011263e-01   4.8602222e+00   2.0560989e-03
   5.6078353e-01   4.8662222e+00   9.9257500e-03
   5.6377206e-01   4.8612222e+00   1.3254195e-02
   5.6464626e-01   4.8592222e+00   1.3690407e-02
   5.6503253e-01   4.8492222e+00   4.7668716e-03
   5.6917988e-01   4.8252222e+00  -7.6752829e-03
   5.6985078e-01   4.8362222e+00   5.1943681e-03
   5.7365252e-01   4.8152222e+00  -5.6901529e-03
   5.7367285e-01   4.8332222e+00   1.2363834e-02
   5.7373384e-01   4.8282222e+00   7.5258008e-03
   5.7475035e-01   4.8202222e+00   2.2252418e-03
   5.7761690e-01   4.8172222e+00   6.8376579e-03
   5.7790152e-01   4.8062222e+00  -3.4064979e-03
   5.7826746e-01   4.8372222e+00   2.8565298e-02
   5.8149996e-01   4.8012222e+00   9.4027068e-04
   5.8158128e-01   4.8042222e+00   4.1448813e-03
   5.8306538e-01   4.8282222e+00   3.1879030e-02
   5.8528137e-01   4.7912222e+00   4.5467578e-04
   5.8538302e-01   4.7972222e+00   6.7104408e-03
   5.8755835e-01   4.7882222e+00   3.1837817e-03
   5.8900179e-01   4.7762222e+00  -5.1843766e-03
   5.8926608e-01   4.7832222e+00   2.4806085e-03
   5.9209197e-01   4.7742222e+00   2.1556558e-06
   5.9270188e-01   4.7752222e+00   2.3651115e-03
   5.9640197e-01   4.7632222e+00  -1.3662991e-03
   5.9654428e-01   4.7762222e+00   1.1951722e-02
   5.9959380e-01   4.7572222e+00  -2.3350522e-04
   6.0038668e-01   4.7632222e+00   7.4516422e-03
   6.0113890e-01   4.7732222e+00   1.8963973e-02
   6.0384281e-01   4.7622222e+00   1.3400187e-02
   6.0550988e-01   4.7582222e+00   1.2751837e-02
   6.0752257e-01   4.7472222e+00   5.7983419e-03
   6.0845775e-01   4.7492222e+00   9.6785368e-03
   6.0971822e-01   4.7512222e+00   1.4212713e-02
   6.1067374e-01   4.7302222e+00  -4.9469342e-03
   6.1207652e-01   4.7282222e+00  -4.2946958e-03
   6.1394690e-01   4.7402222e+00   1.1241623e-02
   6.1465845e-01   4.7292222e+00   1.5869611e-03
   6.1490242e-01   4.7392222e+00   1.2048219e-02
   6.1634586e-01   4.7142222e+00  -1.0222665e-02
   6.1813491e-01   4.7272222e+00   6.1598991e-03
   6.1837887e-01   4.7202222e+00  -3.7884169e-04
   6.1890746e-01   4.7202222e+00   6.2055213e-04
   6.2051354e-01   4.7232222e+00   6.5856362e-03
   6.2205863e-01   4.7042222e+00  -9.7082890e-03
   6.2244491e-01   4.7222222e+00   8.9682291e-03
   6.2254656e-01   4.7202222e+00   7.1462604e-03
   6.2466089e-01   4.6962222e+00  -1.3150689e-02
   6.2579938e-01   4.6982222e+00  -9.1567397e-03
   6.2610433e-01   4.7012222e+00  -5.6226460e-03
   6.2673457e-01   4.7272222e+00   2.1481148e-02
   6.2878792e-01   4.7022222e+00   7.7378979e-05
   6.2968244e-01   4.7012222e+00   6.4405355e-04
   6.3090225e-01   4.7192222e+00   2.0742262e-02
   6.3265065e-01   4.7002222e+00   4.7304433e-03
   6.3338253e-01   4.6852222e+00  -9.0186913e-03
   6.3356550e-01   4.6982222e+00   4.2940253e-03
   6.3506994e-01   4.7032222e+00   1.1865250e-02
   6.3679800e-01   4.6782222e+00  -1.0181317e-02
   6.3710295e-01   4.6702222e+00  -1.7660122e-02
   6.3728592e-01   4.6962222e+00   8.6525943e-03
   6.3897333e-01   4.6842222e+00  -4.6346484e-04
   6.4068106e-01   4.6702222e+00  -1.1560305e-02
   6.4082337e-01   4.6872222e+00   5.6796739e-03
   6.4116898e-01   4.6812222e+00   2.6248122e-04
   6.4454379e-01   4.6722222e+00  -3.0465826e-03
   6.4456412e-01   4.6742222e+00  -1.0122991e-03
   6.4509271e-01   4.6842222e+00   9.8790516e-03
   6.4826421e-01   4.6682222e+00  -7.7283915e-04
   6.4846751e-01   4.6782222e+00   9.5699883e-03
   6.4846751e-01   4.6702222e+00   1.5699887e-03
   6.5204562e-01   4.6712222e+00   8.5100639e-03
   6.5243189e-01   4.6662222e+00   4.1437440e-03
   6.5287916e-01   4.6722222e+00   1.0877481e-02
   6.5613198e-01   4.6552222e+00  -7.8625805e-04
   6.5678255e-01   4.6652222e+00   1.0280993e-02
   6.5944580e-01   4.6382222e+00  -1.2349943e-02
   6.6001504e-01   4.6372222e+00  -1.2417288e-02
   6.6062495e-01   4.6602222e+00   1.1535018e-02
   6.6316622e-01   4.6512222e+00   6.5029570e-03
   6.6399976e-01   4.6472222e+00   3.8044411e-03
   6.6450801e-01   4.6512222e+00   8.5980295e-03
   6.6688664e-01   4.6442222e+00   5.3120201e-03
   6.6767952e-01   4.6392222e+00   1.5500182e-03
   6.6841140e-01   4.6472222e+00   1.0692785e-02
   6.7062739e-01   4.6422222e+00   9.0905899e-03
   6.7137961e-01   4.6282222e+00  -3.8095193e-03
   6.7237578e-01   4.6382222e+00   7.6470924e-03
   6.7434781e-01   4.6322222e+00   4.5305874e-03
   6.7507969e-01   4.6252222e+00  -1.3992489e-03
   6.7619785e-01   4.6382222e+00   1.3235723e-02
   6.7804790e-01   4.6342222e+00   1.1940859e-02
   6.7875945e-01   4.6242222e+00   2.9812960e-03
   6.8006058e-01   4.6402222e+00   2.0876241e-02
   6.8178865e-01   4.6202222e+00   3.1871815e-03
   6.8245954e-01   4.6072222e+00  -8.9156305e-03
   6.8396398e-01   4.6342222e+00   2.0096247e-02
   6.8546841e-01   4.6142222e+00   2.1081231e-03
   6.8642392e-01   4.6142222e+00   3.3859368e-03
   6.8786737e-01   4.6242222e+00   1.5316251e-02
   6.8920916e-01   4.6112222e+00   4.1106279e-03
   6.9177076e-01   4.6232222e+00   1.9287819e-02
   6.9292958e-01   4.6172222e+00   1.4674925e-02
   6.9565382e-01   4.6092222e+00   9.9358432e-03
   6.9660934e-01   4.6072222e+00   9.0795968e-03
   6.9959787e-01   4.6092222e+00   1.4656872e-02
   7.0035009e-01   4.6002222e+00   6.5022409e-03
   7.0346060e-01   4.5972222e+00   6.7365548e-03
   7.0407050e-01   4.6042222e+00   1.4370733e-02
   7.0742498e-01   4.6022222e+00   1.5858719e-02
   7.0781125e-01   4.5992222e+00   1.3260365e-02
   7.0878710e-01   4.5862222e+00   1.2750516e-03
   7.1134870e-01   4.6052222e+00   2.2708785e-02
   7.1151134e-01   4.5862222e+00   3.8501855e-03
   7.1246686e-01   4.5952222e+00   1.3680912e-02
   7.1521143e-01   4.5832222e+00   4.0670430e-03
   7.1525209e-01   4.6052222e+00   2.6102393e-02
   7.1614662e-01   4.5842222e+00   5.8800949e-03
   7.1895218e-01   4.5802222e+00   4.3192510e-03
   7.1913516e-01   4.6012222e+00   2.5478326e-02
   7.2013133e-01   4.5852222e+00   1.0320369e-02
   7.2265227e-01   4.5792222e+00   6.0507426e-03
   7.2299789e-01   4.6012222e+00   2.8287971e-02
   7.2385175e-01   4.5762222e+00   3.8740653e-03
   7.2635236e-01   4.5802222e+00   9.5904838e-03
   7.2690128e-01   4.5892222e+00   1.8967259e-02
   7.2783646e-01   4.5722222e+00   2.6091715e-03
   7.3009311e-01   4.5752222e+00   7.1404245e-03
   7.3082500e-01   4.5752222e+00   7.5035865e-03
   7.3153655e-01   4.5712222e+00   3.8566602e-03
   7.3381353e-01   4.5722222e+00   5.9864967e-03
   7.3501301e-01   4.5742222e+00   8.5816786e-03
   7.3554160e-01   4.5722222e+00   6.8439621e-03
   7.3757461e-01   4.5632222e+00  -1.1472553e-03
   7.3887574e-01   4.5712222e+00   7.4983656e-03
   7.4123404e-01   4.5632222e+00   4.2495355e-04
   7.4284012e-01   4.5872222e+00   2.4904851e-02
   7.4422257e-01   4.5682222e+00   6.3179276e-03
   7.4495446e-01   4.5672222e+00   5.5366152e-03
   7.4723144e-01   4.5692222e+00   8.2169762e-03
   7.4816663e-01   4.5702222e+00   9.4964100e-03
   7.4865455e-01   4.5742222e+00   1.3642202e-02
   7.5113483e-01   4.5672222e+00   7.1555490e-03
   7.5186672e-01   4.5802222e+00   2.0227347e-02
   7.5237497e-01   4.5642222e+00   4.2772068e-03
   7.5505855e-01   4.5712222e+00   1.1540466e-02
   7.5583110e-01   4.5732222e+00   1.3616253e-02
   7.5615638e-01   4.5752222e+00   1.5648163e-02
   7.5892128e-01   4.5682222e+00   8.9194000e-03
   7.5981581e-01   4.5712222e+00   1.2007153e-02
   7.6333293e-01   4.5762222e+00   1.6671599e-02
   7.6351590e-01   4.5692222e+00   9.6521854e-03
   7.6418679e-01   4.5662222e+00   6.5810034e-03
   7.6723632e-01   4.5692222e+00   9.2574489e-03
   7.6752094e-01   4.5742222e+00   1.4227251e-02
   7.6813085e-01   4.5622222e+00   2.1625395e-03
   7.7095674e-01   4.5742222e+00   1.3667538e-02
   7.7146499e-01   4.5752222e+00   1.4509928e-02
   7.7183093e-01   4.5772222e+00   1.6396449e-02
   7.7467716e-01   4.5632222e+00   1.5138359e-03
   7.7534805e-01   4.5932222e+00   3.1305791e-02
   7.7839758e-01   4.5772222e+00   1.4360134e-02
   7.7925144e-01   4.5812222e+00   1.8095350e-02
   7.8209767e-01   4.5672222e+00   2.7852314e-03
   7.8321582e-01   4.5662222e+00   1.2106098e-03
   7.8333781e-01   4.5842222e+00   1.9147923e-02
   7.8583842e-01   4.5742222e+00   7.8628600e-03
   7.8707856e-01   4.5862222e+00   1.9225552e-02
   7.8953851e-01   4.5852222e+00   1.6961384e-02
   7.9098195e-01   4.5812222e+00   1.2024192e-02
   7.9325893e-01   4.5752222e+00   4.4009345e-03
   7.9488534e-01   4.5912222e+00   1.9241465e-02
   7.9876840e-01   4.5832222e+00   8.4732307e-03
   8.0067943e-01   4.5822222e+00   5.9799269e-03
   8.0267179e-01   4.5822222e+00   4.1756489e-03
   8.0439985e-01   4.5972222e+00   1.7610715e-02
   8.0659551e-01   4.5922222e+00   1.0622327e-02
   8.0809994e-01   4.5972222e+00   1.4259913e-02
   8.1049890e-01   4.6002222e+00   1.4997065e-02
   8.1184069e-01   4.6002222e+00   1.3538941e-02
   8.1440229e-01   4.5712222e+00  -1.8244750e-02
   8.1554078e-01   4.5862222e+00  -4.4819464e-03
   8.1830568e-01   4.5882222e+00  -5.4865652e-03
   8.1930186e-01   4.5982222e+00   3.4308878e-03
   8.2243271e-01   4.6002222e+00   1.6036049e-03
   8.2298162e-01   4.6092222e+00   9.9112045e-03
   8.2633610e-01   4.5952222e+00  -8.3201319e-03
   8.2672237e-01   4.6072222e+00   3.1926226e-03
   8.3025982e-01   4.5922222e+00  -1.6309916e-02
   8.3040213e-01   4.6012222e+00  -7.5115566e-03
   8.3412255e-01   4.6232222e+00   9.2169810e-03
   8.3414288e-01   4.6012222e+00  -1.2811826e-02
   8.3788363e-01   4.6192222e+00  -1.1209353e-04
   8.3806660e-01   4.6352222e+00   1.5628654e-02
   8.3806660e-01   4.6212222e+00   1.6286542e-03
   8.4174636e-01   4.6212222e+00  -3.8249722e-03
   8.4199032e-01   4.6262222e+00   7.9586139e-04
   8.4201065e-01   4.6602222e+00   3.4764264e-02
   8.4546678e-01   4.6402222e+00   9.3927517e-03
   8.4583272e-01   4.6342222e+00   2.8240025e-03
   8.4599537e-01   4.6392222e+00   7.5712253e-03
   8.4916687e-01   4.6522222e+00   1.5642073e-02
   8.4975644e-01   4.6462222e+00   8.7257556e-03
   8.4993942e-01   4.6622222e+00   2.4441381e-02
   8.5211474e-01   4.6462222e+00   4.8249046e-03
   8.5363951e-01   4.6382222e+00  -5.7147389e-03
   8.5390380e-01   4.6522222e+00   7.8450563e-03
   8.5656705e-01   4.6572222e+00   8.4091450e-03
   8.5754290e-01   4.6352222e+00  -1.5216226e-02
   8.5807148e-01   4.6642222e+00   1.2903364e-02
   8.6030780e-01   4.6752222e+00   2.0150850e-02
   8.6144629e-01   4.6532222e+00  -3.8478808e-03
   8.6203586e-01   4.6652222e+00   7.1170610e-03
   8.6398756e-01   4.6682222e+00   6.6906653e-03
   8.6553265e-01   4.6852222e+00   2.0978101e-02
   8.6602057e-01   4.6832222e+00   1.8121503e-02
   8.6963934e-01   4.6892222e+00   1.7768392e-02
   8.7018826e-01   4.6872222e+00   1.4779528e-02
   8.7354273e-01   4.6622222e+00  -1.6558420e-02
   8.7409165e-01   4.6752222e+00  -4.5955395e-03
   8.7533179e-01   4.6892222e+00   7.0613409e-03
   8.7744612e-01   4.7012222e+00   1.5066514e-02
   8.7777141e-01   4.7192222e+00   3.2451924e-02
   8.7903188e-01   4.6992222e+00   1.0070392e-02
   8.8136985e-01   4.7042222e+00   1.0348791e-02
   8.8143084e-01   4.7092222e+00   1.5220009e-02
   8.8275230e-01   4.7072222e+00   1.0429746e-02
   8.8527324e-01   4.6982222e+00  -3.8932182e-03
   8.8529357e-01   4.7062222e+00   4.0638548e-03
   8.8651338e-01   4.7182222e+00   1.3488226e-02
   8.8913597e-01   4.7182222e+00   7.9506241e-03
   8.8921729e-01   4.7222222e+00   1.1778916e-02
   8.9019314e-01   4.7112222e+00  -1.3033518e-03
   8.9299870e-01   4.7362222e+00   1.7456517e-02
   8.9310035e-01   4.7152222e+00  -3.7695752e-03
   8.9389323e-01   4.7282222e+00   7.4669076e-03
   8.9700374e-01   4.7302222e+00   2.5485016e-03
   8.9700374e-01   4.7392222e+00   1.1548501e-02
   8.9716638e-01   4.7572222e+00   2.9186755e-02
   9.0086647e-01   4.7232222e+00  -1.3468335e-02
   9.0098845e-01   4.7522222e+00   1.5200475e-02
   9.0476986e-01   4.7342222e+00  -1.3066433e-02
   9.0511548e-01   4.7662222e+00   1.7995195e-02
   9.0521713e-01   4.7522222e+00   3.7192012e-03
   9.0865292e-01   4.7412222e+00  -1.6609330e-02
   9.0897821e-01   4.7662222e+00   7.5074950e-03
   9.0926283e-01   4.7692222e+00   9.7347155e-03
   9.1253598e-01   4.7452222e+00  -2.3426369e-02
   9.1267830e-01   4.7752222e+00   6.1718564e-03
   9.1314589e-01   4.7962222e+00   2.5851748e-02
   9.1637839e-01   4.7732222e+00  -6.2742355e-03
   9.1645971e-01   4.7632222e+00  -1.6503821e-02
   9.1698829e-01   4.8012222e+00   2.0003880e-02
   9.2009880e-01   4.7952222e+00   5.1848981e-03
   9.2072904e-01   4.7912222e+00  -8.3279820e-04
   9.2085102e-01   4.8032222e+00   1.0776680e-02
   9.2363625e-01   4.7952222e+00  -6.1402422e-03
   9.2471375e-01   4.8092222e+00   4.4101478e-03
   9.2735667e-01   4.8272222e+00   1.3948836e-02
   9.2855615e-01   4.8302222e+00   1.3108703e-02
   9.3123973e-01   4.8292222e+00   2.9222681e-03
   9.3239855e-01   4.8402222e+00   9.6561887e-03
   9.3496015e-01   4.8412222e+00   1.2259156e-03
   9.3624095e-01   4.8432222e+00  -1.4892245e-03
   9.3868057e-01   4.8542222e+00   5.2956307e-04
   9.4038831e-01   4.8682222e+00   8.3889873e-03
   9.4423071e-01   4.8802222e+00   7.6910064e-03
   9.4612141e-01   4.8752222e+00  -3.5572094e-03
   9.4839839e-01   4.8972222e+00   1.0918062e-02
   9.4984183e-01   4.8812222e+00  -9.8520798e-03
   9.4988249e-01   4.8662222e+00  -2.4986450e-02
   9.5224079e-01   4.9112222e+00   1.2181316e-02
   9.5274904e-01   4.8992222e+00  -1.5071036e-03
   9.5378588e-01   4.8742222e+00  -2.9951480e-02
   9.5608319e-01   4.9292222e+00   1.7416861e-02
   9.5726234e-01   4.9032222e+00  -1.2500274e-02
   9.5770960e-01   4.8992222e+00  -1.7986084e-02
   9.5994592e-01   4.9222222e+00  -2.4151307e-03
   9.6100309e-01   4.9202222e+00  -7.5087559e-03
   9.6153167e-01   4.9082222e+00  -2.1044293e-02
   9.6407295e-01   4.9552222e+00   1.8573317e-02
   9.6472351e-01   4.9312222e+00  -7.3165747e-03
   9.6541474e-01   4.9232222e+00  -1.7324585e-02
   9.6844393e-01   4.9562222e+00   6.8756065e-03
   9.6852525e-01   4.9522222e+00   2.6393701e-03
   9.6931813e-01   4.9482222e+00  -3.6639345e-03
   9.7220501e-01   4.9572222e+00  -1.7202694e-03
   9.7265227e-01   4.9612222e+00   1.2502195e-03
   9.7318086e-01   4.9542222e+00  -6.9664745e-03
   9.7588477e-01   4.9552222e+00  -1.2190338e-02
   9.7651500e-01   4.9742222e+00   5.3589857e-03
   9.7706392e-01   4.9652222e+00  -4.9045046e-03
   9.7960519e-01   4.9752222e+00  -7.5400020e-04
   9.8064203e-01   4.9812222e+00   3.2415386e-03
   9.8096731e-01   4.9632222e+00  -1.5313588e-02
   9.8330528e-01   4.9722222e+00  -1.0303564e-02
   9.8450476e-01   5.0022222e+00   1.7649404e-02
   9.8480971e-01   4.9682222e+00  -1.6871029e-02
   9.8704603e-01   4.9942222e+00   5.3124719e-03
   9.8838782e-01   5.0012222e+00   1.0022572e-02
   9.8869277e-01   4.9792222e+00  -1.2497861e-02
   9.9074612e-01   4.9902222e+00  -4.1801043e-03
   9.9225055e-01   5.0052222e+00   9.9098651e-03
   9.9277913e-01   4.9832222e+00  -1.2409876e-02
   9.9615394e-01   5.0052222e+00   7.5487037e-03
   9.9686550e-01   4.9762222e+00  -2.1881716e-02
   9.9820729e-01   4.9932222e+00  -5.6933657e-03
