   2.9442141e-03   4.9938000e+00  -4.5164984e-03
   4.0217130e-03   4.9968000e+00  -9.0038450e-04
   6.8069451e-03   4.9828000e+00  -1.3307789e-02
   7.5388307e-03   4.9848000e+00  -1.0889297e-02
   7.7421326e-03   4.9918000e+00  -3.7730486e-03
   1.0669676e-02   4.9778000e+00  -1.5460811e-02
   1.1503213e-02   4.9808000e+00  -1.1189751e-02
   1.5182972e-02   4.9848000e+00  -1.5784865e-03
   1.6382451e-02   4.9768000e+00  -7.7494002e-03
   1.8944052e-02   4.9778000e+00  -2.8432154e-03
   2.0611125e-02   4.9478000e+00  -2.9805290e-02
   2.2664471e-02   4.9688000e+00  -4.0082620e-03
   2.5083760e-02   4.9468000e+00  -2.0356319e-02
   2.6384891e-02   4.9398000e+00  -2.4316618e-02
   2.9434415e-02   4.9498000e+00  -7.1923196e-03
   3.0084980e-02   4.9298000e+00  -2.5622093e-02
   3.3581768e-02   4.9148000e+00  -3.0380000e-02
   3.3805400e-02   4.9358000e+00  -8.7249844e-03
   3.7973083e-02   4.9028000e+00  -2.9517841e-02
   4.2140766e-02   4.9008000e+00  -1.8393163e-02
   4.4946329e-02   4.8838000e+00  -2.5973206e-02
   4.6532082e-02   4.8958000e+00  -8.6488827e-03
   4.8992031e-02   4.8838000e+00  -1.2389358e-02
   5.0862406e-02   4.8858000e+00  -3.8787784e-03
   5.2346507e-02   4.8648000e+00  -1.9498911e-02
   5.5192730e-02   4.8708000e+00  -3.1813528e-03
   5.6066927e-02   4.8588000e+00  -1.2012390e-02
   5.9482394e-02   4.8458000e+00  -1.2631322e-02
   5.9787346e-02   4.8518000e+00  -5.5258690e-03
   6.3507766e-02   4.8398000e+00  -5.0587050e-03
   6.3833049e-02   4.8208000e+00  -2.2974083e-02
   6.7248516e-02   4.8158000e+00  -1.6585549e-02
   6.7858421e-02   4.8158000e+00  -1.4551881e-02
   7.1924453e-02   4.7908000e+00  -2.6796023e-02
   7.5970156e-02   4.8038000e+00  -1.9918766e-03
   7.9954868e-02   4.7798000e+00  -1.4365683e-02
   8.3980239e-02   4.7678000e+00  -1.4741458e-02
   8.8005611e-02   4.7568000e+00  -1.4118598e-02
   9.2071643e-02   4.7428000e+00  -1.7297111e-02
   9.6137676e-02   4.7528000e+00   2.6398676e-03
   1.0020371e-01   4.7038000e+00  -3.6456443e-02
   1.0451370e-01   4.7008000e+00  -2.9627501e-02
   1.0860006e-01   4.6978000e+00  -2.3308552e-02
   1.1293039e-01   4.6718000e+00  -3.9873683e-02
   1.1701675e-01   4.6828000e+00  -2.0168914e-02
   1.2138774e-01   4.6908000e+00  -3.2136591e-03
   1.2563674e-01   4.6608000e+00  -2.5251875e-02
   1.2978409e-01   4.6748000e+00  -3.4805647e-03
   1.3395178e-01   4.6658000e+00  -5.2370553e-03
   1.3828210e-01   4.6538000e+00  -9.7429944e-03
   1.4244978e-01   4.6518000e+00  -4.7205060e-03
   1.4669879e-01   4.6358000e+00  -1.3696902e-02
   1.5111043e-01   4.6228000e+00  -1.9514276e-02
   1.5550175e-01   4.6118000e+00  -2.3689733e-02
   1.5973042e-01   4.6068000e+00  -2.2117951e-02
   1.6217004e-01   4.6298000e+00   4.4121882e-03
   1.6426405e-01   4.6088000e+00  -1.3585633e-02
   1.6780150e-01   4.6148000e+00  -2.5139946e-03
   1.7764129e-01   4.6098000e+00   5.4731106e-03
   1.8170733e-01   4.5948000e+00  -4.5656474e-03
   1.8577336e-01   4.5938000e+00  -9.8038198e-04
   1.8981906e-01   4.5928000e+00   2.5819559e-03
   1.9388509e-01   4.5828000e+00  -3.4866410e-03
   1.9799179e-01   4.5788000e+00  -3.5466800e-03
   2.0171221e-01   4.5838000e+00   4.7141510e-03
   2.0502602e-01   4.5918000e+00   1.5296277e-02
   2.0549362e-01   4.5828000e+00   6.6606260e-03
   2.1210092e-01   4.5768000e+00   5.4041889e-03
   2.1307677e-01   4.5638000e+00  -7.0234762e-03
   2.1602464e-01   4.5728000e+00   3.7054517e-03
   2.1687851e-01   4.5718000e+00   3.2062442e-03
   2.1990770e-01   4.5758000e+00   8.9828670e-03
   2.2068025e-01   4.5678000e+00   1.3027727e-03
   2.2383142e-01   4.5728000e+00   7.5339368e-03
   2.2448199e-01   4.5748000e+00   9.7881125e-03
   2.2779580e-01   4.5668000e+00   3.0828206e-03
   2.2824307e-01   4.5658000e+00   2.2575665e-03
   2.3173986e-01   4.5688000e+00   6.2827498e-03
   2.3198382e-01   4.5608000e+00  -1.6697507e-03
   2.3564325e-01   4.5648000e+00   3.0427401e-03
   2.3570424e-01   4.5578000e+00  -3.9453851e-03
   2.3942466e-01   4.5658000e+00   4.7789806e-03
   2.3956697e-01   4.5728000e+00   1.1806689e-02
   2.4318574e-01   4.5668000e+00   5.8788942e-03
   2.4349069e-01   4.5578000e+00  -3.1222646e-03
   2.4688583e-01   4.5608000e+00  -1.3516614e-04
   2.4739408e-01   4.5638000e+00   2.8629025e-03
   2.5060625e-01   4.5678000e+00   6.7318721e-03
   2.5131780e-01   4.5628000e+00   1.5897033e-03
   2.5432667e-01   4.5658000e+00   3.9885323e-03
   2.5558714e-01   4.5658000e+00   3.7366903e-03
   2.5786411e-01   4.5668000e+00   4.2817501e-03
   2.5914491e-01   4.5638000e+00   1.0258463e-03
   2.6132024e-01   4.5678000e+00   4.3320526e-03
   2.6304831e-01   4.5688000e+00   4.6475664e-03
   2.6483736e-01   4.5678000e+00   2.9389220e-03
   2.6695170e-01   4.5798000e+00   1.4101433e-02
   2.6851712e-01   4.5718000e+00   5.4813695e-03
   2.7085509e-01   4.5708000e+00   3.3933466e-03
   2.7211556e-01   4.5868000e+00   1.8655342e-02
   2.7221721e-01   4.5728000e+00   4.5958251e-03
   2.7475848e-01   4.5758000e+00   6.1079114e-03
   2.7589697e-01   4.5708000e+00   4.4132569e-04
   2.7618159e-01   4.5608000e+00  -9.7253207e-03
   2.7866187e-01   4.5778000e+00   5.8224757e-03
   2.7959706e-01   4.5798000e+00   7.2749234e-03
   2.8024762e-01   4.5778000e+00   4.8474151e-03
   2.8238229e-01   4.5818000e+00   7.1958234e-03
   2.8323616e-01   4.5848000e+00   9.5351864e-03
   2.8411035e-01   4.5828000e+00   6.8588203e-03
   2.8608238e-01   4.5948000e+00   1.7333064e-02
   2.8693624e-01   4.5718000e+00  -6.3275727e-03
   2.8795275e-01   4.5728000e+00  -6.1140450e-03
   2.9022973e-01   4.5878000e+00   7.0830663e-03
   2.9059567e-01   4.5798000e+00  -1.2656777e-03
   2.9177482e-01   4.5838000e+00   1.6105936e-03
   2.9260836e-01   4.6018000e+00   1.8816233e-02
   2.9421444e-01   4.5938000e+00   9.2856360e-03
   2.9431609e-01   4.5888000e+00   4.1887624e-03
   2.9563755e-01   4.5938000e+00   7.9294111e-03
   2.9732496e-01   4.6098000e+00   2.2321316e-02
   2.9779255e-01   4.5908000e+00   2.8756983e-03
   2.9789420e-01   4.5918000e+00   3.7788258e-03
   2.9950028e-01   4.5938000e+00   4.2482286e-03
   3.0145198e-01   4.5848000e+00  -6.8524755e-03
   3.0181792e-01   4.5988000e+00   6.7381072e-03
   3.0191957e-01   4.6118000e+00   1.9624381e-02
   3.0336302e-01   4.5978000e+00   4.0094582e-03
   3.0513174e-01   4.6008000e+00   5.0306092e-03
   3.0572131e-01   4.6098000e+00   1.3370994e-02
   3.0651419e-01   4.6038000e+00   6.4839237e-03
   3.0724608e-01   4.6088000e+00   1.0665089e-02
   3.0883183e-01   4.6088000e+00   8.8909494e-03
   3.0944173e-01   4.6098000e+00   9.2085885e-03
   3.1112914e-01   4.6148000e+00   1.2149883e-02
   3.1112914e-01   4.6028000e+00   1.4988205e-04
   3.1312149e-01   4.6198000e+00   1.4619391e-02
   3.1501220e-01   4.6158000e+00   8.2180073e-03
   3.1608970e-01   4.6298000e+00   2.0849476e-02
   3.1722819e-01   4.6218000e+00   1.1403481e-02
   3.1889526e-01   4.6248000e+00   1.2286131e-02
   3.2054200e-01   4.6268000e+00   1.2119211e-02
   3.2056233e-01   4.6278000e+00   1.3090561e-02
   3.2196511e-01   4.6348000e+00   1.8113761e-02
   3.2304261e-01   4.6268000e+00   8.5953505e-03
   3.2428275e-01   4.6258000e+00   5.8477459e-03
   3.2513662e-01   4.6348000e+00   1.3644477e-02
   3.2562454e-01   4.6418000e+00   1.9956894e-02
   3.2694600e-01   4.6318000e+00   8.0946926e-03
   3.2944661e-01   4.6348000e+00   7.5708331e-03
   3.2962958e-01   4.6368000e+00   9.3129897e-03
   3.3082906e-01   4.6278000e+00  -1.4809502e-03
   3.3328901e-01   4.6428000e+00   9.7449957e-03
   3.3434618e-01   4.6428000e+00   8.1230878e-03
   3.3711108e-01   4.6528000e+00   1.3881174e-02
   3.3902212e-01   4.6478000e+00   5.9492640e-03
   3.3961169e-01   4.6448000e+00   2.0447386e-03
   3.4095349e-01   4.6618000e+00   1.6896250e-02
   3.4138042e-01   4.6518000e+00   6.2009890e-03
   3.4345409e-01   4.6608000e+00   1.1824007e-02
   3.4422664e-01   4.6528000e+00   2.5659155e-03
   3.4477556e-01   4.6698000e+00   1.8672008e-02
   3.4808937e-01   4.6678000e+00   1.1275458e-02
   3.4827234e-01   4.6638000e+00   6.9774895e-03
   3.4857730e-01   4.6778000e+00   2.0480875e-02
   3.4876027e-01   4.6458000e+00  -1.1817095e-02
   3.5223672e-01   4.6698000e+00   6.3593318e-03
   3.5244003e-01   4.6788000e+00   1.5013516e-02
   3.5244003e-01   4.6568000e+00  -6.9864845e-03
   3.5307026e-01   4.6778000e+00   1.2941485e-02
   3.5483899e-01   4.6758000e+00   7.9328859e-03
   3.5599780e-01   4.6728000e+00   2.9617344e-03
   3.5611979e-01   4.6738000e+00   3.7542456e-03
   3.5624177e-01   4.6808000e+00   1.0546755e-02
   3.5792917e-01   4.6768000e+00   3.6764815e-03
   3.5957591e-01   4.6768000e+00   8.7537138e-04
   3.6020615e-01   4.6878000e+00   1.0793653e-02
   3.6209685e-01   4.6868000e+00   6.4887011e-03
   3.6327600e-01   4.6838000e+00   1.4275475e-03
   3.6388591e-01   4.6858000e+00   2.3614345e-03
   3.6410954e-01   4.6998000e+00   1.5970525e-02
   3.6616289e-01   4.7038000e+00   1.6381277e-02
   3.6695576e-01   4.6898000e+00   9.9532891e-04
   3.6770798e-01   4.6858000e+00  -4.3195458e-03
   3.6831788e-01   4.6938000e+00   2.6143410e-03
   3.7020859e-01   4.7018000e+00   7.2888636e-03
   3.7061519e-01   4.7088000e+00   1.3538111e-02
   3.7199764e-01   4.7068000e+00   8.9855545e-03
   3.7431528e-01   4.7168000e+00   1.4706267e-02
   3.7466089e-01   4.7068000e+00   4.0681272e-03
   3.7590103e-01   4.7048000e+00  -2.2166746e-04
   3.7805603e-01   4.7138000e+00   4.7993460e-03
   3.7893023e-01   4.7088000e+00  -1.8147717e-03
   3.7960112e-01   4.7238000e+00   1.1946488e-02
   3.8167480e-01   4.7168000e+00   9.9338099e-04
   3.8336220e-01   4.7228000e+00   3.7525543e-03
   3.8352484e-01   4.7218000e+00   2.4401845e-03
   3.8521225e-01   4.7308000e+00   8.1993576e-03
   3.8537489e-01   4.7248000e+00   1.8869896e-03
   3.8728592e-01   4.7378000e+00   1.1216656e-02
   3.8783484e-01   4.7378000e+00   1.0162410e-02
   3.8901399e-01   4.7368000e+00   6.8977357e-03
   3.8909531e-01   4.7388000e+00   8.7415523e-03
   3.9118931e-01   4.7418000e+00   7.3569422e-03
   3.9218549e-01   4.7548000e+00   1.8139749e-02
   3.9267342e-01   4.7598000e+00   2.2053778e-02
   3.9295804e-01   4.7398000e+00   1.4202939e-03
   3.9488940e-01   4.7478000e+00   5.1216536e-03
   3.9629219e-01   4.7598000e+00   1.3999483e-02
   3.9637351e-01   4.7468000e+00   8.1848716e-04
   3.9684110e-01   4.7608000e+00   1.3777765e-02
   3.9877247e-01   4.7628000e+00   1.1479124e-02
   4.0003293e-01   4.7718000e+00   1.7668928e-02
   4.0060218e-01   4.7718000e+00   1.6319534e-02
   4.0072416e-01   4.7598000e+00   4.0303772e-03
   4.0291982e-01   4.7678000e+00   6.8255704e-03
   4.0377368e-01   4.7778000e+00   1.4801480e-02
   4.0460722e-01   4.7758000e+00   1.0825581e-02
   4.0466821e-01   4.7708000e+00   5.6810030e-03
   4.0664024e-01   4.7748000e+00   5.0063159e-03
   4.0743311e-01   4.7928000e+00   2.1126803e-02
   4.0844962e-01   4.7818000e+00   7.7171704e-03
   4.0869358e-01   4.7708000e+00  -3.8611401e-03
   4.1054363e-01   4.7788000e+00  -4.5145616e-04
   4.1111287e-01   4.8088000e+00   2.7984715e-02
   4.1231235e-01   4.7868000e+00   2.6895036e-03
   4.1271896e-01   4.7948000e+00   9.5724839e-03
   4.1442669e-01   4.7868000e+00  -3.1190017e-03
   4.1481296e-01   4.8188000e+00   2.7819830e-02
   4.1619541e-01   4.8028000e+00   8.0219581e-03
   4.1674433e-01   4.8008000e+00   4.5139809e-03
   4.1828942e-01   4.7898000e+00  -1.0730696e-02
   4.1847239e-01   4.8168000e+00   1.5766645e-02
   4.2005814e-01   4.8028000e+00  -2.6071999e-03
   4.2105432e-01   4.8148000e+00   6.3568469e-03
   4.2207083e-01   4.8048000e+00  -6.7410643e-03
   4.2217248e-01   4.8418000e+00   2.9949146e-02
   4.2487639e-01   4.8228000e+00   2.7087042e-03
   4.2510002e-01   4.8268000e+00   6.0271662e-03
   4.2585224e-01   4.8338000e+00   1.0734710e-02
   4.2589290e-01   4.8278000e+00   4.6107946e-03
   4.2910507e-01   4.8418000e+00   8.8214000e-03
   4.2953200e-01   4.8648000e+00   3.0520277e-02
   4.2973530e-01   4.8348000e+00  -9.9306081e-05
   4.2975563e-01   4.8408000e+00   5.8387362e-03
   4.3321176e-01   4.8788000e+00   3.3209170e-02
   4.3337440e-01   4.8488000e+00   2.7086073e-03
   4.3363869e-01   4.8548000e+00   7.8951944e-03
   4.3410629e-01   4.8468000e+00  -1.5439161e-03
   4.3687119e-01   4.8918000e+00   3.4946544e-02
   4.3754208e-01   4.8628000e+00   3.8817295e-03
   4.3758274e-01   4.8718000e+00   1.2756589e-02
   4.4079491e-01   4.8978000e+00   2.8798807e-02
   4.4120151e-01   4.8758000e+00   5.5107267e-03
   4.4160812e-01   4.8738000e+00   2.2226482e-03
   4.4445434e-01   4.8988000e+00   1.8206100e-02
   4.4492193e-01   4.8898000e+00   7.7248097e-03
   4.4577580e-01   4.8908000e+00   6.0198461e-03
   4.4707693e-01   4.8838000e+00  -5.1020048e-03
   4.4817476e-01   4.9168000e+00   2.4420183e-02
   4.4998414e-01   4.9068000e+00   8.6882352e-03
   4.5120395e-01   4.8958000e+00  -5.9171513e-03
   4.5189518e-01   4.9358000e+00   3.2041730e-02
   4.5250508e-01   4.9048000e+00  -7.5925951e-04
   4.5417216e-01   4.9068000e+00  -3.6819607e-03
   4.5557494e-01   4.9338000e+00   1.9175767e-02
   4.5636781e-01   4.9228000e+00   5.8344827e-03
   4.5868545e-01   4.9298000e+00   5.9907297e-03
   4.5925470e-01   4.9448000e+00   1.9309807e-02
   4.5994592e-01   4.9228000e+00  -4.7313142e-03
   4.6008823e-01   4.9288000e+00   8.8179036e-04
   4.6285314e-01   4.9348000e+00  -2.3810884e-04
   4.6289380e-01   4.9598000e+00   2.4657186e-02
   4.6380865e-01   4.9468000e+00   9.3013380e-03
   4.6657355e-01   4.9728000e+00   2.8181439e-02
   4.6736643e-01   4.9548000e+00   8.1397045e-03
   4.6750874e-01   4.9488000e+00   1.7732382e-03
   4.7023298e-01   4.9658000e+00   1.1881501e-02
   4.7141213e-01   4.9558000e+00  -5.3009552e-04
   4.7159510e-01   4.9568000e+00   9.5692714e-05
   4.7204237e-01   4.9648000e+00   7.1809490e-03
   4.7395340e-01   4.9818000e+00   2.0272499e-02
   4.7509189e-01   4.9738000e+00   9.9440616e-03
   4.7588477e-01   4.9688000e+00   3.3224706e-03
   4.7612873e-01   4.9468000e+00  -1.9176479e-02
   4.7759250e-01   4.9798000e+00   1.0829815e-02
   4.7907660e-01   4.9758000e+00   3.7945291e-03
   4.8015410e-01   4.9738000e+00  -3.0089897e-04
   4.8027608e-01   4.9658000e+00  -8.4646700e-03
   4.8119094e-01   4.9578000e+00  -1.7692958e-02
   4.8295967e-01   4.9798000e+00   1.9323533e-03
   4.8438278e-01   4.9688000e+00  -1.0978316e-02
   4.8444377e-01   4.9828000e+00   2.9397986e-03
   4.8682240e-01   4.9848000e+00   1.7462509e-03
   4.8859112e-01   4.9768000e+00  -8.6284375e-03
   4.8895706e-01   4.9788000e+00  -7.1197529e-03
   4.9054282e-01   4.9788000e+00  -8.8086694e-03
   4.9275880e-01   4.9958000e+00   7.0128683e-03
   4.9318574e-01   4.9988000e+00   9.7858252e-03
   4.9430390e-01   4.9898000e+00   1.9118817e-04
   4.9692649e-01   4.9808000e+00  -1.0203505e-02
   4.9767870e-01   4.9928000e+00   1.3964659e-03
   4.9798365e-01   4.9838000e+00  -7.7657076e-03
   5.0135846e-01   4.9808000e+00  -1.1374221e-02
   5.0168374e-01   4.9888000e+00  -3.2631698e-03
   5.0198870e-01   4.9928000e+00   8.4094104e-04
   5.0540416e-01   4.9878000e+00  -2.9930186e-03
   5.0568879e-01   4.9748000e+00  -1.5895848e-02
   5.0623770e-01   4.9948000e+00   4.2915510e-03
   5.0928722e-01   4.9908000e+00   1.3326585e-03
   5.1001911e-01   4.9888000e+00  -4.0155637e-04
   5.1048670e-01   4.9928000e+00   4.1475859e-03
   5.1317029e-01   4.9758000e+00  -9.7008163e-03
   5.1461373e-01   4.9748000e+00  -9.0056387e-03
   5.1512198e-01   4.9758000e+00  -7.4087457e-03
   5.1689071e-01   4.9768000e+00  -4.3315556e-03
   5.1847646e-01   4.9918000e+00   1.2530752e-02
   5.1983858e-01   4.9748000e+00  -2.8695736e-03
   5.2061112e-01   4.9728000e+00  -3.5290074e-03
   5.2235952e-01   4.9508000e+00  -2.2236082e-02
   5.2433154e-01   4.9648000e+00  -4.5219692e-03
   5.2451452e-01   4.9618000e+00  -7.1773603e-03
   5.2624258e-01   4.9748000e+00   9.0772740e-03
   5.2803163e-01   4.9558000e+00  -6.5532211e-03
   5.2945475e-01   4.9468000e+00  -1.2872933e-02
   5.3010531e-01   4.9728000e+00   1.4409851e-02
   5.3175205e-01   4.9478000e+00  -6.5893867e-03
   5.3398837e-01   4.9548000e+00   5.8437481e-03
   5.3439497e-01   4.9368000e+00  -1.1168410e-02
   5.3547247e-01   4.9318000e+00  -1.3550627e-02
   5.3787143e-01   4.9228000e+00  -1.6722355e-02
   5.3917256e-01   4.9218000e+00  -1.4561258e-02
   5.3990445e-01   4.9308000e+00  -3.7831425e-03
   5.4173416e-01   4.9188000e+00  -1.0663781e-02
   5.4293364e-01   4.9108000e+00  -1.5283410e-02
   5.4453973e-01   4.9208000e+00  -7.5714533e-04
   5.4561722e-01   4.8948000e+00  -2.3720538e-02
   5.4661340e-01   4.9108000e+00  -4.9131104e-03
   5.4905302e-01   4.9038000e+00  -5.0377766e-03
   5.5035415e-01   4.9048000e+00  -2.8501389e-04
   5.5049646e-01   4.8988000e+00  -5.8494256e-03
   5.5376962e-01   4.8978000e+00   3.1690507e-03
   5.5423721e-01   4.8888000e+00  -4.3997404e-03
   5.5439985e-01   4.8788000e+00  -1.3901928e-02
   5.5814060e-01   4.8868000e+00   5.5477585e-03
   5.5814060e-01   4.8688000e+00  -1.2452241e-02
   5.5915711e-01   4.8628000e+00  -1.5340911e-02
   5.6261324e-01   4.8728000e+00   5.0329849e-03
   5.6340612e-01   4.8518000e+00  -1.3602262e-02
   5.6712654e-01   4.8508000e+00  -3.5061091e-03
   5.6822436e-01   4.8468000e+00  -4.2318338e-03
   5.6954582e-01   4.8368000e+00  -1.0290580e-02
   5.7168049e-01   4.8368000e+00  -3.9523360e-03
   5.7210742e-01   4.8298000e+00  -9.6862223e-03
   5.7599049e-01   4.8138000e+00  -1.4170616e-02
   5.7615313e-01   4.8258000e+00  -1.6882879e-03
   5.7649874e-01   4.7998000e+00  -2.6663337e-02
   5.7981256e-01   4.8008000e+00  -1.5835884e-02
   5.7987355e-01   4.8008000e+00  -1.5655010e-02
   5.8072741e-01   4.8188000e+00   4.6652497e-03
   5.8351265e-01   4.7918000e+00  -1.4886482e-02
   5.8375661e-01   4.8068000e+00   7.6592045e-04
   5.8552533e-01   4.8068000e+00   5.4958415e-03
   5.8725339e-01   4.8018000e+00   5.1170288e-03
   5.8761934e-01   4.7958000e+00   9.5635182e-05
   5.9001830e-01   4.8038000e+00   1.4504256e-02
   5.9093315e-01   4.7908000e+00   3.6170278e-03
   5.9150240e-01   4.7878000e+00   1.9316397e-03
   5.9455192e-01   4.7958000e+00   1.6974213e-02
   5.9538546e-01   4.7708000e+00  -6.1008190e-03
   5.9835366e-01   4.7688000e+00  -1.2460493e-03
   5.9902456e-01   4.7758000e+00   7.3033177e-03
   6.0209441e-01   4.7528000e+00  -8.8896979e-03
   6.0329389e-01   4.7508000e+00  -8.2814288e-03
   6.0359885e-01   4.7668000e+00   8.3816900e-03
   6.0575384e-01   4.7478000e+00  -5.9322684e-03
   6.0780719e-01   4.7528000e+00   3.5327327e-03
   6.0945393e-01   4.7308000e+00  -1.4886424e-02
   6.1205619e-01   4.7448000e+00   4.1596519e-03
   6.1317435e-01   4.7268000e+00  -1.1742011e-02
   6.1471944e-01   4.7258000e+00  -9.8424909e-03
   6.1624421e-01   4.7308000e+00  -1.9811228e-03
   6.1673213e-01   4.7118000e+00  -2.0065485e-02
   6.1754534e-01   4.7218000e+00  -8.5394211e-03
   6.1886680e-01   4.7138000e+00  -1.4059569e-02
   6.2043222e-01   4.7138000e+00  -1.1150424e-02
   6.2065585e-01   4.7338000e+00   9.2544851e-03
   6.2085915e-01   4.7098000e+00  -1.4377418e-02
   6.2303448e-01   4.7048000e+00  -1.5438770e-02
   6.2413231e-01   4.6948000e+00  -2.3451042e-02
   6.2439660e-01   4.7158000e+00  -1.9725136e-03
   6.2486420e-01   4.7108000e+00  -6.1258885e-03
   6.2716150e-01   4.6918000e+00  -2.0966382e-02
   6.2805603e-01   4.7008000e+00  -1.0346751e-02
   6.2905221e-01   4.7058000e+00  -3.5430720e-03
   6.3100390e-01   4.6888000e+00  -1.7098880e-02
   6.3177645e-01   4.6948000e+00  -9.7690191e-03
   6.3202041e-01   4.6888000e+00  -1.5349064e-02
   6.3321989e-01   4.6998000e+00  -2.2842800e-03
   6.3517159e-01   4.6878000e+00  -1.0924631e-02
   6.3547654e-01   4.6858000e+00  -1.2399686e-02
   6.3553753e-01   4.6798000e+00  -1.8294696e-02
   6.3710295e-01   4.6958000e+00   4.0002146e-04
   6.3905465e-01   4.6848000e+00  -7.2403294e-03
   6.3919696e-01   4.6808000e+00  -1.0995355e-02
   6.3935960e-01   4.6928000e+00   1.2846151e-03
   6.4129097e-01   4.6808000e+00  -7.4417244e-03
   6.4289705e-01   4.6788000e+00  -6.7404551e-03
   6.4293771e-01   4.6758000e+00  -9.6720675e-03
   6.4326299e-01   4.6798000e+00  -5.1249750e-03
   6.4539766e-01   4.6698000e+00  -1.1534678e-02
   6.4661747e-01   4.6748000e+00  -4.4830799e-03
   6.4682077e-01   4.6748000e+00  -4.1411470e-03
   6.4720704e-01   4.6738000e+00  -4.4914754e-03
   6.4958567e-01   4.6638000e+00  -1.0490859e-02
   6.5035822e-01   4.6598000e+00  -1.3214655e-02
   6.5080548e-01   4.6698000e+00  -2.4912959e-03
   6.5106977e-01   4.6598000e+00  -1.2063856e-02
   6.5348906e-01   4.6658000e+00  -2.1511397e-03
   6.5407864e-01   4.6598000e+00  -7.1976206e-03
   6.5450557e-01   4.6518000e+00  -1.4507140e-02
   6.5497316e-01   4.6588000e+00  -6.7509008e-03
   6.5741278e-01   4.6628000e+00   1.1946955e-03
   6.5779906e-01   4.6448000e+00  -1.6180585e-02
   6.5838863e-01   4.6508000e+00  -9.2270669e-03
   6.5885623e-01   4.6498000e+00  -9.4708260e-03
   6.6151948e-01   4.6538000e+00  -1.2972640e-03
   6.6164146e-01   4.6568000e+00   1.8892811e-03
   6.6235301e-01   4.6448000e+00  -9.0225364e-03
   6.6271896e-01   4.6418000e+00  -1.1462901e-02
   6.6528056e-01   4.6488000e+00  -5.4544556e-04
   6.6552452e-01   4.6518000e+00   2.8276465e-03
   6.6605310e-01   4.6388000e+00  -9.3639899e-03
   6.6662235e-01   4.6438000e+00  -3.4934446e-03
   6.6896032e-01   4.6358000e+00  -7.9179888e-03
   6.6975319e-01   4.6348000e+00  -7.7054435e-03
   6.7050541e-01   4.6358000e+00  -5.6156271e-03
   6.7268074e-01   4.6398000e+00   1.4504967e-03
   6.7343295e-01   4.6278000e+00  -9.4892557e-03
   6.7440880e-01   4.6338000e+00  -2.1137982e-03
   6.7676710e-01   4.6318000e+00  -7.8977551e-04
   6.7713304e-01   4.6228000e+00  -9.2739786e-03
   6.7827153e-01   4.6328000e+00   2.3307209e-03
   6.8014190e-01   4.6298000e+00   1.9480281e-03
   6.8022323e-01   4.6218000e+00  -5.9482319e-03
   6.8081280e-01   4.6238000e+00  -3.1961111e-03
   6.8215459e-01   4.6218000e+00  -3.4843887e-03
   6.8386232e-01   4.6228000e+00  -3.0583271e-04
   6.8481784e-01   4.6118000e+00  -1.0086879e-02
   6.8640359e-01   4.6088000e+00  -1.1063934e-02
   6.8756241e-01   4.6108000e+00  -7.5856289e-03
   6.8996137e-01   4.6108000e+00  -4.5252769e-03
   6.9128283e-01   4.6028000e+00  -1.1028708e-02
   6.9382410e-01   4.6198000e+00   8.8383535e-03
   6.9500325e-01   4.6018000e+00  -7.8313302e-03
   6.9774783e-01   4.6148000e+00   8.2650964e-03
   6.9872367e-01   4.6008000e+00  -4.6339529e-03
   7.0165122e-01   4.6068000e+00   4.4015697e-03
   7.0242376e-01   4.6008000e+00  -8.5191833e-04
   7.0553428e-01   4.6028000e+00   4.1537717e-03
   7.0614418e-01   4.6038000e+00   5.7431231e-03
   7.0949866e-01   4.5908000e+00  -4.0154465e-03
   7.0986460e-01   4.5968000e+00   2.3381645e-03
   7.1084045e-01   4.5878000e+00  -5.8674651e-03
   7.1338172e-01   4.5958000e+00   4.1388675e-03
   7.1364601e-01   4.5868000e+00  -4.6524742e-03
   7.1452021e-01   4.5858000e+00  -4.9622955e-03
   7.1728511e-01   4.5888000e+00   2.2059460e-04
   7.1728511e-01   4.5928000e+00   4.2205950e-03
   7.1852525e-01   4.5858000e+00  -1.8003147e-03
   7.2100553e-01   4.5848000e+00  -1.0285594e-03
   7.2116817e-01   4.5928000e+00   7.0696921e-03
   7.2222534e-01   4.5898000e+00   4.7083277e-03
   7.2476661e-01   4.5818000e+00  -1.7564909e-03
   7.2621005e-01   4.5848000e+00   2.1154921e-03
   7.2846670e-01   4.5768000e+00  -4.5212670e-03
   7.2899528e-01   4.5878000e+00   6.7980506e-03
   7.2991014e-01   4.5758000e+00  -4.6492840e-03
   7.3216679e-01   4.5818000e+00   2.3079008e-03
   7.3324429e-01   4.5848000e+00   5.7568945e-03
   7.3389485e-01   4.5768000e+00  -1.9720150e-03
   7.3590754e-01   4.5788000e+00   8.6667123e-04
   7.3706636e-01   4.5748000e+00  -2.6504488e-03
   7.3962796e-01   4.5738000e+00  -2.5830299e-03
   7.4332805e-01   4.5748000e+00  -6.8817491e-04
   7.4540172e-01   4.5858000e+00   1.0772803e-02
   7.4654021e-01   4.5778000e+00   3.0258893e-03
   7.4704847e-01   4.5818000e+00   7.1388743e-03
   7.5024030e-01   4.5748000e+00   8.0175251e-04
   7.5072823e-01   4.5748000e+00   8.1546317e-04
   7.5324917e-01   4.5668000e+00  -7.1136984e-03
   7.5420468e-01   4.5738000e+00  -8.6848366e-05
   7.5452997e-01   4.5778000e+00   3.9222921e-03
   7.5715256e-01   4.5718000e+00  -2.0040131e-03
   7.5816907e-01   4.5778000e+00   4.0245507e-03
   7.5839270e-01   4.5708000e+00  -2.9691652e-03
   7.6154387e-01   4.5878000e+00   1.3814622e-02
   7.6193015e-01   4.5728000e+00  -1.2507737e-03
   7.6256038e-01   4.5668000e+00  -7.3574725e-03
   7.6556925e-01   4.5828000e+00   8.1331268e-03
   7.6571156e-01   4.5668000e+00  -7.8909664e-03
   7.6652476e-01   4.5678000e+00  -7.0286423e-03
   7.6930999e-01   4.5828000e+00   7.4998179e-03
   7.6959462e-01   4.5798000e+00   4.4516313e-03
   7.7020452e-01   4.5678000e+00  -7.6912822e-03
   7.7307107e-01   4.5748000e+00  -1.7324141e-03
   7.7347768e-01   4.5668000e+00  -9.8800927e-03
   7.7416890e-01   4.5698000e+00  -7.1311456e-03
   7.7742173e-01   4.5778000e+00  -3.1257206e-04
   7.7831626e-01   4.5768000e+00  -1.6374643e-03
   7.8047125e-01   4.5808000e+00   1.4878520e-03
   7.8132512e-01   4.5868000e+00   7.0110531e-03
   7.8624502e-01   4.5838000e+00   1.2637813e-03
   7.8917256e-01   4.5728000e+00  -1.1370959e-02
   7.8961983e-01   4.5878000e+00   3.3792890e-03
   7.9165284e-01   4.5808000e+00  -5.0708137e-03
   7.9299463e-01   4.5728000e+00  -1.4075681e-02
   7.9695901e-01   4.5938000e+00   3.9553937e-03
   7.9903269e-01   4.5938000e+00   2.4024173e-03
   8.0086241e-01   4.6058000e+00   1.2877429e-02
   8.0275311e-01   4.6008000e+00   6.1222870e-03
   8.0476580e-01   4.5968000e+00   2.5391079e-04
   8.0647353e-01   4.6028000e+00   4.6686215e-03
   8.0866919e-01   4.6088000e+00   8.6303925e-03
   8.1019395e-01   4.6018000e+00   1.8270217e-04
   8.1259291e-01   4.6068000e+00   2.5568017e-03
   8.1393470e-01   4.6088000e+00   3.0880774e-03
   8.1649630e-01   4.6058000e+00  -2.7158506e-03
   8.1763479e-01   4.6068000e+00  -2.9620403e-03
   8.2058266e-01   4.6208000e+00   7.7192147e-03
   8.2135521e-01   4.6208000e+00   6.7516010e-03
   8.2450638e-01   4.6248000e+00   6.8047543e-03
   8.2507563e-01   4.6358000e+00   1.7091776e-02
   8.2840978e-01   4.6228000e+00  -8.4243455e-05
   8.2879605e-01   4.6238000e+00   4.3195005e-04
   8.3231317e-01   4.6358000e+00   7.6929701e-03
   8.3253680e-01   4.6308000e+00   2.3806009e-03
   8.3619623e-01   4.6388000e+00   5.2691098e-03
   8.3621656e-01   4.6388000e+00   5.2407130e-03
   8.4009962e-01   4.6458000e+00   6.8050592e-03
   8.4014028e-01   4.6388000e+00  -2.5655030e-04
   8.4016061e-01   4.6228000e+00  -1.6287354e-02
   8.4382004e-01   4.6448000e+00   1.6787948e-04
   8.4404367e-01   4.6498000e+00   4.8290321e-03
   8.4408433e-01   4.6428000e+00  -2.2325766e-03
   8.4754046e-01   4.6508000e+00   5.3069979e-04
   8.4794706e-01   4.6418000e+00  -9.0853866e-03
   8.4806904e-01   4.6488000e+00  -2.2702118e-03
   8.5185045e-01   4.6508000e+00  -6.1767071e-03
   8.5201309e-01   4.6538000e+00  -3.4386898e-03
   8.5494064e-01   4.6488000e+00  -1.3154377e-02
   8.5571318e-01   4.6608000e+00  -2.3987939e-03
   8.5618078e-01   4.6608000e+00  -3.1519946e-03
   8.5864073e-01   4.6708000e+00   2.8855194e-03
   8.5961657e-01   4.6758000e+00   6.3136232e-03
   8.6014516e-01   4.6598000e+00  -1.0548693e-02
   8.6236115e-01   4.6818000e+00   7.7158179e-03
   8.6370294e-01   4.6598000e+00  -1.6546039e-02
   8.6410954e-01   4.6708000e+00  -6.2314504e-03
   8.6789095e-01   4.6738000e+00  -9.6057728e-03
   8.6829755e-01   4.6848000e+00   7.0881602e-04
   8.7181467e-01   4.6928000e+00   2.5257740e-03
   8.7246524e-01   4.6818000e+00  -9.6620279e-03
   8.7372571e-01   4.6868000e+00  -6.9633938e-03
   8.7563674e-01   4.7078000e+00   1.0547438e-02
   8.7614499e-01   4.6998000e+00   1.6194683e-03
   8.7742580e-01   4.6968000e+00  -3.7190167e-03
   8.7951980e-01   4.7058000e+00   1.4577453e-03
   8.7980442e-01   4.7028000e+00  -2.0619182e-03
   8.8110555e-01   4.7118000e+00   4.2817794e-03
   8.8346385e-01   4.7158000e+00   3.3772244e-03
   8.8366716e-01   4.7068000e+00  -6.0455828e-03
   8.8488696e-01   4.7108000e+00  -4.5824201e-03
   8.8736724e-01   4.7308000e+00   1.0259341e-02
   8.8752989e-01   4.7198000e+00  -1.0789021e-03
   8.8856672e-01   4.7348000e+00   1.1764785e-02
   8.9127064e-01   4.7338000e+00   4.9539142e-03
   8.9139262e-01   4.7288000e+00  -3.1777351e-04
   8.9228714e-01   4.7348000e+00   3.6898444e-03
   8.9519436e-01   4.7318000e+00  -5.7853913e-03
   8.9553997e-01   4.7428000e+00   4.4448264e-03
   8.9907742e-01   4.7318000e+00  -1.4434131e-02
   8.9938237e-01   4.7578000e+00   1.0886648e-02
   9.0300114e-01   4.7298000e+00  -2.5650918e-02
   9.0322477e-01   4.7608000e+00   4.8154082e-03
   9.0359071e-01   4.7678000e+00   1.0942121e-02
   9.0686387e-01   4.7428000e+00  -2.1868939e-02
   9.0731113e-01   4.7708000e+00   5.0637114e-03
   9.0763642e-01   4.7608000e+00  -5.7125428e-03
   9.1074693e-01   4.7688000e+00  -5.4645709e-03
   9.1105188e-01   4.7738000e+00  -1.3266738e-03
   9.1151948e-01   4.7648000e+00  -1.1648561e-02
   9.1465032e-01   4.7808000e+00  -4.4994585e-03
   9.1475197e-01   4.7818000e+00  -3.7868260e-03
   9.1538221e-01   4.7788000e+00  -8.5684988e-03
   9.1847239e-01   4.8098000e+00   1.3695548e-02
   9.1851305e-01   4.7938000e+00  -2.4193985e-03
   9.1924494e-01   4.7968000e+00  -1.4884388e-03
   9.2217248e-01   4.8088000e+00   2.1841251e-03
   9.2308734e-01   4.8228000e+00   1.3576234e-02
   9.2650281e-01   4.8058000e+00  -1.3159899e-02
   9.2692974e-01   4.7958000e+00  -2.4376916e-02
   9.2961332e-01   4.8328000e+00   4.9732692e-03
   9.3077214e-01   4.8198000e+00  -1.1654670e-02
   9.3335407e-01   4.8518000e+00   1.1899837e-02
   9.3451289e-01   4.8448000e+00   1.1093393e-03
   9.3461454e-01   4.8528000e+00   8.7768377e-03
   9.3709482e-01   4.8498000e+00  -2.3361562e-03
   9.3876189e-01   4.8568000e+00  -7.8915204e-04
   9.4219769e-01   4.8728000e+00   3.3539219e-03
   9.4260429e-01   4.8738000e+00   2.9095077e-03
   9.4677198e-01   4.8868000e+00   1.1042283e-03
   9.4807311e-01   4.8728000e+00  -1.7517906e-02
   9.4819509e-01   4.8758000e+00  -1.4951233e-02
   9.5061438e-01   4.9038000e+00   4.6203667e-03
   9.5197650e-01   4.8968000e+00  -6.8506593e-03
   9.5447711e-01   4.9088000e+00  -3.0586609e-03
   9.5563593e-01   4.9168000e+00   1.1376309e-03
   9.5585956e-01   4.8938000e+00  -2.2596419e-02
   9.5829918e-01   4.9138000e+00  -1.0604224e-02
   9.5935635e-01   4.9318000e+00   3.9257258e-03
   9.5974262e-01   4.9148000e+00  -1.4342176e-02
   9.6216191e-01   4.9518000e+00   1.5674258e-02
   9.6307677e-01   4.9298000e+00  -8.9234793e-03
   9.6360535e-01   4.9338000e+00  -6.4243936e-03
   9.6661421e-01   4.9408000e+00  -7.9680627e-03
   9.6681752e-01   4.9478000e+00  -1.5453385e-03
   9.6752907e-01   4.9568000e+00   5.4341984e-03
   9.7049728e-01   4.9578000e+00  -1.7015662e-03
   9.7076157e-01   4.9748000e+00   1.4703406e-02
   9.7139180e-01   4.9498000e+00  -1.1715506e-02
   9.7423803e-01   4.9708000e+00   2.8765096e-03
   9.7488859e-01   4.9718000e+00   2.4118259e-03
   9.7525453e-01   4.9788000e+00   8.5879417e-03
   9.7797878e-01   4.9878000e+00   1.1454585e-02
   9.7875132e-01   4.9898000e+00   1.1715274e-02
   9.7913759e-01   4.9818000e+00   2.8456200e-03
   9.8167887e-01   4.9908000e+00   7.4827403e-03
   9.8287834e-01   4.9788000e+00  -6.2471491e-03
   9.8304099e-01   4.9768000e+00  -8.4817098e-03
   9.8539928e-01   4.9978000e+00   9.1171512e-03
   9.8676141e-01   4.9858000e+00  -4.8472985e-03
   9.8690372e-01   4.9778000e+00  -1.3052540e-02
   9.8911970e-01   4.9868000e+00  -7.2484379e-03
   9.9064447e-01   4.9888000e+00  -6.8197391e-03
   9.9099008e-01   5.0028000e+00   7.0184450e-03
   9.9284012e-01   5.0108000e+00   1.4152254e-02
   9.9452753e-01   5.0108000e+00   1.3362212e-02
   9.9507644e-01   5.0068000e+00   9.1052101e-03
   9.9660120e-01   4.9918000e+00  -6.6086838e-03
   9.9841059e-01   5.0058000e+00   6.5441624e-03
