   2.0496868e-03   4.9870000e+00  -1.1673033e-02
   2.0496868e-03   4.9870000e+00  -1.1673033e-02
   3.1068554e-03   4.9980000e+00   1.1378183e-05
   6.6443033e-03   4.9850000e+00  -1.0698478e-02
   6.6443033e-03   4.9850000e+00  -1.0698478e-02
   6.9085962e-03   4.9980000e+00   2.4726252e-03
   1.0568025e-02   5.0010000e+00   8.4366316e-03
   1.1035619e-02   4.9920000e+00   2.2906285e-04
   1.1035619e-02   4.9920000e+00   2.2906285e-04
   1.4329105e-02   4.9970000e+00   1.0810534e-02
   1.5487924e-02   4.9980000e+00   1.3774385e-02
   1.5487924e-02   4.9980000e+00   1.3774385e-02
   1.8029194e-02   4.9900000e+00   1.0081075e-02
   1.9716598e-02   4.9720000e+00  -5.0592822e-03
   1.9716598e-02   4.9720000e+00  -5.0592822e-03
   2.4189233e-02   4.9590000e+00  -8.1456849e-03
   2.4189233e-02   4.9590000e+00  -8.1456849e-03
   2.5774986e-02   4.9760000e+00   1.2425114e-02
   2.8560218e-02   4.9350000e+00  -2.2303101e-02
   2.8560218e-02   4.9350000e+00  -2.2303101e-02
   3.2707571e-02   4.9130000e+00  -3.3404800e-02
   3.2707571e-02   4.9130000e+00  -3.3404800e-02
   3.2951533e-02   4.9500000e+00   4.2850499e-03
   3.7058226e-02   4.9190000e+00  -1.5102454e-02
   3.7058226e-02   4.9190000e+00  -1.5102454e-02
   4.1246239e-02   4.9230000e+00   1.2379874e-03
   4.1246239e-02   4.9230000e+00   1.2379874e-03
   4.5617224e-02   4.9110000e+00   3.3444671e-03
   4.5617224e-02   4.9110000e+00   3.3444671e-03
   4.7751891e-02   4.8990000e+00  -1.7663226e-03
   4.9988209e-02   4.8890000e+00  -4.5490532e-03
   4.9988209e-02   4.8890000e+00  -4.5490532e-03
   5.1512971e-02   4.8730000e+00  -1.5649673e-02
   5.4298203e-02   4.8710000e+00  -8.7004441e-03
   5.4298203e-02   4.8710000e+00  -8.7004441e-03
   5.5192730e-02   4.8730000e+00  -3.8262394e-03
   5.8608197e-02   4.8490000e+00  -1.6852002e-02
   5.8608197e-02   4.8490000e+00  -1.6852002e-02
   5.8892819e-02   4.8470000e+00  -1.7937483e-02
   6.2592909e-02   4.8420000e+00  -1.0055898e-02
   6.2674230e-02   4.8470000e+00  -4.7634690e-03
   6.2674230e-02   4.8470000e+00  -4.7634690e-03
   6.6943563e-02   4.8240000e+00  -1.2410946e-02
   6.6943563e-02   4.8240000e+00  -1.2410946e-02
   7.1029927e-02   4.8310000e+00   8.8197374e-03
   7.1029927e-02   4.8310000e+00   8.8197374e-03
   7.5075628e-02   4.8110000e+00   1.5458969e-03
   7.5075628e-02   4.8110000e+00   1.5458969e-03
   7.9060340e-02   4.7940000e+00  -2.9197938e-03
   7.9060340e-02   4.7940000e+00  -2.9197938e-03
   8.3065382e-02   4.7830000e+00  -2.5047710e-03
   8.3065382e-02   4.7830000e+00  -2.5047710e-03
   8.7131414e-02   4.7900000e+00   1.5715851e-02
   8.7131414e-02   4.7900000e+00   1.5715851e-02
   9.1197446e-02   4.7570000e+00  -6.1910548e-03
   9.1197446e-02   4.7570000e+00  -6.1910548e-03
   9.5263479e-02   4.7340000e+00  -1.8403463e-02
   9.5263479e-02   4.7340000e+00  -1.8403463e-02
   9.9309181e-02   4.7590000e+00   1.7330189e-02
   9.9309181e-02   4.7590000e+00   1.7330189e-02
   1.0335488e-01   4.7460000e+00   1.3333394e-02
   1.0335488e-01   4.7460000e+00   1.3333394e-02
   1.0770554e-01   4.7010000e+00  -2.2367952e-02
   1.0770554e-01   4.7010000e+00  -2.2367952e-02
   1.1177157e-01   4.7140000e+00  -8.5052726e-04
   1.1177157e-01   4.7140000e+00  -8.5052726e-04
   1.1614256e-01   4.7180000e+00   1.2064971e-02
   1.1614256e-01   4.7180000e+00   1.2064971e-02
   1.2022892e-01   4.6850000e+00  -1.2654604e-02
   1.2022892e-01   4.6850000e+00  -1.2654604e-02
   1.2472188e-01   4.6770000e+00  -1.2560526e-02
   1.2472188e-01   4.6770000e+00  -1.2560526e-02
   1.2888957e-01   4.6700000e+00  -1.2052446e-02
   1.2888957e-01   4.6700000e+00  -1.2052446e-02
   1.3305725e-01   4.6640000e+00  -1.0975742e-02
   1.3305725e-01   4.6640000e+00  -1.0975742e-02
   1.3738757e-01   4.6510000e+00  -1.6785671e-02
   1.3738757e-01   4.6510000e+00  -1.6785671e-02
   1.4157559e-01   4.6610000e+00   4.7100632e-05
   1.4157559e-01   4.6610000e+00   4.7100632e-05
   1.4582459e-01   4.6530000e+00  -1.2241767e-03
   1.4582459e-01   4.6530000e+00  -1.2241767e-03
   1.5021591e-01   4.6170000e+00  -3.0290320e-02
   1.5021591e-01   4.6170000e+00  -3.0290320e-02
   1.5460722e-01   4.6240000e+00  -1.6747701e-02
   1.5460722e-01   4.6240000e+00  -1.6747701e-02
   1.5883589e-01   4.6030000e+00  -3.1447400e-02
   1.5883589e-01   4.6030000e+00  -3.1447400e-02
   1.7219281e-01   4.6220000e+00   5.6368521e-03
   1.7219281e-01   4.6220000e+00   5.6368521e-03
   1.7676710e-01   4.6120000e+00   1.2417250e-03
   1.7676710e-01   4.6120000e+00   1.2417250e-03
   2.0407051e-01   4.5840000e+00  -3.3372977e-04
   2.1092177e-01   4.5930000e+00   1.3377560e-02
   2.1508945e-01   4.5790000e+00   1.5639268e-03
   2.1901317e-01   4.5680000e+00  -7.3776887e-03
   2.2293690e-01   4.5770000e+00   3.1088817e-03
   2.2688095e-01   4.5720000e+00  -5.8997550e-04
   2.3086566e-01   4.5780000e+00   6.5562101e-03
   2.3476905e-01   4.5740000e+00   3.0847293e-03
   2.3867244e-01   4.5720000e+00   1.6132485e-03
   2.4259616e-01   4.5770000e+00   6.6330764e-03
   2.4649955e-01   4.5710000e+00   3.9262752e-04
   2.5040294e-01   4.5820000e+00   1.1074330e-02
   2.5434700e-01   4.5810000e+00   9.0693855e-03
   2.5825039e-01   4.5750000e+00   2.0748016e-03
   2.6213345e-01   4.5820000e+00   7.6753490e-03
   2.6611816e-01   4.5790000e+00   2.8941828e-03
   2.6996056e-01   4.5840000e+00   6.1766298e-03
   2.7101773e-01   4.5720000e+00  -6.4853236e-03
   2.7101773e-01   4.5720000e+00  -6.4853236e-03
   2.7386395e-01   4.5840000e+00   3.7127325e-03
   2.7508376e-01   4.5930000e+00   1.1940471e-02
   2.7508376e-01   4.5930000e+00   1.1940471e-02
   2.7778767e-01   4.5840000e+00   1.2286249e-03
   2.7914979e-01   4.5900000e+00   6.3662660e-03
   2.7914979e-01   4.5900000e+00   6.3662660e-03
   2.8146743e-01   4.5850000e+00  -3.6663546e-04
   2.8321583e-01   4.6000000e+00   1.3209997e-02
   2.8321583e-01   4.6000000e+00   1.3209997e-02
   2.8518785e-01   4.5930000e+00   4.6045702e-03
   2.8707856e-01   4.5940000e+00   4.0653476e-03
   2.8707856e-01   4.5940000e+00   4.0653476e-03
   2.8935553e-01   4.5950000e+00   3.2116597e-03
   2.9090063e-01   4.5980000e+00   4.8003336e-03
   2.9090063e-01   4.5980000e+00   4.8003336e-03
   2.9173416e-01   4.6000000e+00   5.9797166e-03
   2.9331992e-01   4.5980000e+00   2.4185432e-03
   2.9476336e-01   4.6030000e+00   5.9974751e-03
   2.9476336e-01   4.6030000e+00   5.9974751e-03
   2.9643043e-01   4.6080000e+00   9.3562416e-03
   2.9702000e-01   4.6020000e+00   2.7758053e-03
   2.9860576e-01   4.6160000e+00   1.5214632e-02
   2.9860576e-01   4.6160000e+00   1.5214632e-02
   3.0094373e-01   4.6070000e+00   3.7642643e-03
   3.0102505e-01   4.6080000e+00   4.6713968e-03
   3.0248882e-01   4.6060000e+00   9.9976919e-04
   3.0248882e-01   4.6060000e+00   9.9976919e-04
   3.0478613e-01   4.6170000e+00   9.3762430e-03
   3.0563999e-01   4.6170000e+00   8.4011275e-03
   3.0635155e-01   4.6090000e+00  -4.1146940e-04
   3.0635155e-01   4.6090000e+00  -4.1146940e-04
   3.0854721e-01   4.6180000e+00   6.0810894e-03
   3.1001098e-01   4.6110000e+00  -2.5921061e-03
   3.1023461e-01   4.6260000e+00   1.2120549e-02
   3.1023461e-01   4.6260000e+00   1.2120549e-02
   3.1226763e-01   4.6290000e+00   1.2508326e-02
   3.1411767e-01   4.6230000e+00   4.1312037e-03
   3.1411767e-01   4.6230000e+00   4.1312037e-03
   3.1521550e-01   4.6350000e+00   1.4720604e-02
   3.1592706e-01   4.6300000e+00   8.8063266e-03
   3.1800073e-01   4.6320000e+00   8.1418597e-03
   3.1800073e-01   4.6320000e+00   8.1418597e-03
   3.1966780e-01   4.6250000e+00  -1.0001626e-03
   3.1966781e-01   4.6410000e+00   1.4999837e-02
   3.2115191e-01   4.6350000e+00   6.9430514e-03
   3.2188379e-01   4.6370000e+00   7.9074330e-03
   3.2188379e-01   4.6370000e+00   7.9074330e-03
   3.2336789e-01   4.6400000e+00   8.8074294e-03
   3.2426242e-01   4.6340000e+00   1.5416723e-03
   3.2475035e-01   4.6430000e+00   9.8512608e-03
   3.2605148e-01   4.6430000e+00   8.0101606e-03
   3.2605148e-01   4.6430000e+00   8.0101606e-03
   3.2857242e-01   4.6360000e+00  -2.5569685e-03
   3.2873506e-01   4.6430000e+00   4.2128929e-03
   3.2995487e-01   4.6500000e+00   9.4868630e-03
   3.2995487e-01   4.6500000e+00   9.4868630e-03
   3.3084939e-01   4.6460000e+00   4.1314962e-03
   3.3241482e-01   4.6490000e+00   4.7512717e-03
   3.3345166e-01   4.6550000e+00   9.1747578e-03
   3.3623689e-01   4.6550000e+00   4.9398125e-03
   3.3812759e-01   4.6590000e+00   6.0649958e-03
   3.4007929e-01   4.6590000e+00   3.0906238e-03
   3.4257990e-01   4.6680000e+00   8.0733945e-03
   3.4392169e-01   4.6660000e+00   3.9178074e-03
   3.4719484e-01   4.6700000e+00   2.6594824e-03
   3.4739815e-01   4.6700000e+00   2.3328785e-03
   3.4770310e-01   4.6790000e+00   1.0842971e-02
   3.5109824e-01   4.6820000e+00   8.3305886e-03
   3.5156583e-01   4.6890000e+00   1.4554664e-02
   3.5217573e-01   4.6850000e+00   9.5425867e-03
   3.5396479e-01   4.6750000e+00  -3.4261698e-03
   3.5396479e-01   4.6750000e+00  -3.4261698e-03
   3.5506262e-01   4.6830000e+00   2.7520924e-03
   3.5538790e-01   4.6900000e+00   9.2123187e-03
   3.5703464e-01   4.6820000e+00  -1.5202865e-03
   3.5900667e-01   4.6940000e+00   7.2073340e-03
   3.6120233e-01   4.6880000e+00  -2.4734113e-03
   3.6303204e-01   4.6920000e+00  -1.5663610e-03
   3.6319468e-01   4.7040000e+00   1.0158710e-02
   3.6526836e-01   4.7020000e+00   4.6533665e-03
   3.6683378e-01   4.7130000e+00   1.3007176e-02
   3.6711840e-01   4.7040000e+00   3.5260507e-03
   3.6931406e-01   4.7010000e+00  -3.1854878e-03
   3.7065585e-01   4.7210000e+00   1.4501357e-02
   3.7112344e-01   4.7170000e+00   9.6788609e-03
   3.7378670e-01   4.7100000e+00  -2.0057983e-03
   3.7447792e-01   4.7140000e+00   7.7833604e-04
   3.7500651e-01   4.7270000e+00   1.2848556e-02
   3.7803570e-01   4.7010000e+00  -1.8479796e-02
   3.7874726e-01   4.7390000e+00   1.8268577e-02
   3.8248801e-01   4.7350000e+00   7.2273226e-03
   3.8265065e-01   4.7430000e+00   1.4911082e-02
   3.8635074e-01   4.7360000e+00   7.1662835e-04
   3.8694031e-01   4.7430000e+00   6.5702602e-03
   3.8820078e-01   4.7420000e+00   3.1194010e-03
   3.8820078e-01   4.7420000e+00   3.1194010e-03
   3.9027446e-01   4.7570000e+00   1.4046177e-02
   3.9131130e-01   4.7550000e+00   9.8746228e-03
   3.9208384e-01   4.7470000e+00   2.5660256e-04
   3.9208384e-01   4.7470000e+00   2.5660256e-04
   3.9401521e-01   4.7600000e+00   9.2115505e-03
   3.9541799e-01   4.7720000e+00   1.8273566e-02
   3.9594657e-01   4.7690000e+00   1.4166499e-02
   3.9594657e-01   4.7690000e+00   1.4166499e-02
   3.9787794e-01   4.7850000e+00   2.6121447e-02
   3.9970765e-01   4.7680000e+00   5.2892919e-03
   3.9982963e-01   4.7760000e+00   1.3033816e-02
   3.9982963e-01   4.7760000e+00   1.3033816e-02
   4.0204562e-01   4.7950000e+00   2.6827036e-02
   4.0371269e-01   4.7840000e+00   1.1874573e-02
   4.0371269e-01   4.7840000e+00   1.1874573e-02
   4.0377368e-01   4.7720000e+00  -2.7002952e-04
   4.0578637e-01   4.7990000e+00   2.1958092e-02
   4.0757543e-01   4.7860000e+00   4.7164242e-03
   4.0757543e-01   4.7860000e+00   4.7164242e-03
   4.0779906e-01   4.7880000e+00   6.1862151e-03
   4.0964910e-01   4.8120000e+00   2.5799946e-02
   4.1141783e-01   4.8060000e+00   1.5156034e-02
   4.1141783e-01   4.8060000e+00   1.5156034e-02
   4.1182443e-01   4.8030000e+00   1.1062841e-02
   4.1351183e-01   4.8120000e+00   1.5526089e-02
   4.1530089e-01   4.8220000e+00   2.0716035e-02
   4.1530089e-01   4.8220000e+00   2.0716035e-02
   4.1584980e-01   4.8160000e+00   1.3240225e-02
   4.1741522e-01   4.8260000e+00   1.9031430e-02
   4.1918395e-01   4.8150000e+00   3.2760398e-03
   4.1918395e-01   4.8150000e+00   3.2760398e-03
   4.2015980e-01   4.8230000e+00   8.6250498e-03
   4.2113564e-01   4.8270000e+00   9.8345153e-03
   4.2398187e-01   4.8430000e+00   1.7695456e-02
   4.2398187e-01   4.8430000e+00   1.7695456e-02
   4.2420550e-01   4.8390000e+00   1.3055958e-02
   4.2499837e-01   4.8430000e+00   1.4788650e-02
   4.2823087e-01   4.8490000e+00   1.1545006e-02
   4.2882044e-01   4.8560000e+00   1.6859058e-02
   4.2882044e-01   4.8560000e+00   1.6859058e-02
   4.2886110e-01   4.8730000e+00   3.3742785e-02
   4.3250020e-01   4.8570000e+00   6.9126332e-03
   4.3272384e-01   4.8570000e+00   6.2352301e-03
   4.3323209e-01   4.8640000e+00   1.1695679e-02
   4.3323209e-01   4.8640000e+00   1.1695679e-02
   4.3660690e-01   4.8750000e+00   1.2473050e-02
   4.3670855e-01   4.8810000e+00   1.8165140e-02
   4.3768440e-01   4.8820000e+00   1.6209199e-02
   4.3768440e-01   4.8820000e+00   1.6209199e-02
   4.4032732e-01   4.8830000e+00   9.2368804e-03
   4.4071359e-01   4.8910000e+00   1.6106182e-02
   4.4201472e-01   4.8830000e+00   4.2975133e-03
   4.4201472e-01   4.8830000e+00   4.2975133e-03
   4.4402741e-01   4.8990000e+00   1.4405979e-02
   4.4490160e-01   4.8920000e+00   4.8470304e-03
   4.4555217e-01   4.8860000e+00  -3.0573034e-03
   4.4555217e-01   4.8860000e+00  -3.0573034e-03
   4.4776816e-01   4.9090000e+00   1.3456056e-02
   4.4908962e-01   4.8960000e+00  -3.4121214e-03
   4.5051273e-01   4.9000000e+00  -3.4721800e-03
   4.5051273e-01   4.9000000e+00  -3.4721800e-03
   4.5163089e-01   4.9140000e+00   7.4851961e-03
   4.5329796e-01   4.9150000e+00   3.9489226e-03
   4.5551395e-01   4.9270000e+00   9.9189985e-03
   4.5750630e-01   4.9260000e+00   3.4975995e-03
   4.5919371e-01   4.9360000e+00   8.9060065e-03
   4.6195861e-01   4.9300000e+00  -4.5590060e-03
   4.6267016e-01   4.9390000e+00   2.5260547e-03
   4.6267016e-01   4.9390000e+00   2.5260547e-03
   4.6289380e-01   4.9480000e+00   1.0924218e-02
   4.6618728e-01   4.9550000e+00   9.0607874e-03
   4.6663455e-01   4.9560000e+00   8.8571122e-03
   4.7043629e-01   4.9480000e+00  -9.0702591e-03
   4.7049728e-01   4.9710000e+00   1.3808084e-02
   4.7114784e-01   4.9620000e+00   3.5104003e-03
   4.7114784e-01   4.9620000e+00   3.5104003e-03
   4.7421770e-01   4.9710000e+00   6.3869629e-03
   4.7472595e-01   4.9570000e+00  -8.6268512e-03
   4.7523420e-01   4.9710000e+00   4.3593332e-03
   4.7523420e-01   4.9710000e+00   4.3593332e-03
   4.7789746e-01   4.9880000e+00   1.6046946e-02
   4.7927991e-01   4.9830000e+00   8.2893711e-03
   4.7938156e-01   4.9770000e+00   2.0866094e-03
   4.7938156e-01   4.9770000e+00   2.0866094e-03
   4.8206514e-01   4.9810000e+00   2.0993449e-03
   4.8330528e-01   4.9780000e+00  -2.5542573e-03
   4.8348825e-01   4.9870000e+00   6.2017686e-03
   4.8348825e-01   4.9870000e+00   6.2017686e-03
   4.8596853e-01   4.9920000e+00   7.8945628e-03
   4.8767626e-01   4.9810000e+00  -5.3825293e-03
   4.8767626e-01   4.9810000e+00  -5.3825293e-03
   4.8783890e-01   4.9820000e+00  -4.5993949e-03
   4.8966862e-01   4.9990000e+00   9.9608638e-03
   4.9186428e-01   4.9740000e+00  -1.6465524e-02
   4.9186428e-01   4.9740000e+00  -1.6465524e-02
   4.9204725e-01   4.9890000e+00  -1.5621514e-03
   4.9336871e-01   5.0010000e+00   9.7399853e-03
   4.9603196e-01   5.0060000e+00   1.3333523e-02
   4.9603196e-01   5.0060000e+00   1.3333523e-02
   4.9656054e-01   4.9770000e+00  -1.5945623e-02
   4.9706880e-01   4.9940000e+00   7.8596822e-04
   5.0046393e-01   4.9970000e+00   2.3795465e-03
   5.0046393e-01   4.9970000e+00   2.3795465e-03
   5.0078922e-01   4.9980000e+00   3.4787900e-03
   5.0087054e-01   4.9820000e+00  -1.2496399e-02
   5.0448931e-01   4.9980000e+00   4.6076875e-03
   5.0479426e-01   4.9970000e+00   3.7007285e-03
   5.0479426e-01   4.9970000e+00   3.7007285e-03
   5.0511954e-01   4.9950000e+00   1.7999722e-03
   5.0837237e-01   4.9950000e+00   2.7924092e-03
   5.0912458e-01   5.0080000e+00   1.6021910e-02
   5.0912458e-01   5.0080000e+00   1.6021910e-02
   5.0936855e-01   5.0090000e+00   1.7096343e-02
   5.1231642e-01   4.9940000e+00   4.8581405e-03
   5.1371920e-01   4.9810000e+00  -6.5860353e-03
   5.1371920e-01   4.9810000e+00  -6.5860353e-03
   5.1400382e-01   4.9950000e+00   7.7296389e-03
   5.1599618e-01   4.9910000e+00   5.9393611e-03
   5.1760226e-01   4.9680000e+00  -1.5279332e-02
   5.1760226e-01   4.9680000e+00  -1.5279332e-02
   5.1872042e-01   4.9750000e+00  -7.0391828e-03
   5.1971660e-01   4.9830000e+00   2.0656784e-03
   5.2148532e-01   4.9870000e+00   9.0414003e-03
   5.2148532e-01   4.9870000e+00   9.0414003e-03
   5.2335570e-01   4.9720000e+00  -2.6072628e-03
   5.2343702e-01   4.9760000e+00   1.5384473e-03
   5.2534805e-01   4.9570000e+00  -1.4037359e-02
   5.2534805e-01   4.9570000e+00  -1.4037359e-02
   5.2713711e-01   4.9650000e+00  -2.8317311e-03
   5.2788932e-01   4.9520000e+00  -1.4483911e-02
   5.2923111e-01   4.9610000e+00  -3.0796914e-03
   5.2923111e-01   4.9610000e+00  -3.0796914e-03
   5.3102017e-01   4.9600000e+00  -1.3770699e-04
   5.3311417e-01   4.9410000e+00  -1.3874211e-02
   5.3311417e-01   4.9410000e+00  -1.3874211e-02
   5.3323616e-01   4.9520000e+00  -2.5675990e-03
   5.3461861e-01   4.9550000e+00   3.9073282e-03
   5.3697691e-01   4.9350000e+00  -1.0164851e-02
   5.3697691e-01   4.9350000e+00  -1.0164851e-02
   5.3754615e-01   4.9450000e+00   1.2660019e-03
   5.3827804e-01   4.9440000e+00   2.1056703e-03
   5.4085997e-01   4.9190000e+00  -1.6362594e-02
   5.4085997e-01   4.9190000e+00  -1.6362594e-02
   5.4197812e-01   4.9290000e+00  -3.4976485e-03
   5.4364520e-01   4.9310000e+00   2.7737271e-03
   5.4474303e-01   4.9160000e+00  -9.4134152e-03
   5.4474303e-01   4.9160000e+00  -9.4134152e-03
   5.4575954e-01   4.9200000e+00  -2.8089186e-03
   5.4795519e-01   4.9010000e+00  -1.6183206e-02
   5.4945962e-01   4.9130000e+00  -3.2854913e-04
   5.4945962e-01   4.9130000e+00  -3.2854913e-04
   5.4960194e-01   4.9100000e+00  -2.9639200e-03
   5.5267179e-01   4.9130000e+00   8.5145683e-03
   5.5336302e-01   4.9030000e+00   4.4419373e-04
   5.5336302e-01   4.9030000e+00   4.4419373e-04
   5.5350533e-01   4.8980000e+00  -4.1585310e-03
   5.5722575e-01   4.8940000e+00   2.2273948e-03
   5.5724608e-01   4.8720000e+00  -1.9715852e-02
   5.5826258e-01   4.8770000e+00  -1.1878168e-02
   5.5826258e-01   4.8770000e+00  -1.1878168e-02
   5.6110881e-01   4.8740000e+00  -6.8035892e-03
   5.6149508e-01   4.8670000e+00  -1.2680307e-02
   5.6253192e-01   4.8610000e+00  -1.5665182e-02
   5.6253192e-01   4.8610000e+00  -1.5665182e-02
   5.6493088e-01   4.8650000e+00  -4.6890064e-03
   5.6600838e-01   4.8610000e+00  -5.5556421e-03
   5.6732984e-01   4.8510000e+00  -1.1712834e-02
   5.6732984e-01   4.8510000e+00  -1.1712834e-02
   5.6865130e-01   4.8520000e+00  -6.8700264e-03
   5.7056233e-01   4.8400000e+00  -1.3394276e-02
   5.7121290e-01   4.8390000e+00  -1.2596763e-02
   5.7121290e-01   4.8390000e+00  -1.2596763e-02
   5.7503497e-01   4.8360000e+00  -5.0363844e-03
   5.7509596e-01   4.8390000e+00  -1.8678675e-03
   5.7509596e-01   4.8390000e+00  -1.8678675e-03
   5.7897902e-01   4.8230000e+00  -7.1389696e-03
   5.7897902e-01   4.8230000e+00  -7.1389696e-03
   5.7960925e-01   4.8000000e+00  -2.8397629e-02
   5.8286208e-01   4.8170000e+00  -2.8499735e-03
   5.8286208e-01   4.8170000e+00  -2.8499735e-03
   5.8440717e-01   4.8280000e+00   1.2181636e-02
   5.8674514e-01   4.7940000e+00  -1.5717902e-02
   5.8674514e-01   4.7940000e+00  -1.5717902e-02
   5.8890014e-01   4.8030000e+00  -1.0948686e-03
   5.9062820e-01   4.8070000e+00   7.2196778e-03
   5.9062820e-01   4.8070000e+00   7.2196778e-03
   5.9345409e-01   4.7830000e+00  -1.0281619e-02
   5.9790640e-01   4.7860000e+00   2.9573495e-03
   6.0248069e-01   4.7830000e+00   9.8261514e-03
   6.0668903e-01   4.7720000e+00   7.4002301e-03
   6.1089737e-01   4.7480000e+00  -8.1506055e-03
   6.1382492e-01   4.7390000e+00  -1.1593543e-02
   6.1382492e-01   4.7390000e+00  -1.1593543e-02
   6.1510572e-01   4.7440000e+00  -4.1623282e-03
   6.1587826e-01   4.7330000e+00  -1.3695880e-02
   6.1768765e-01   4.7170000e+00  -2.6261307e-02
   6.1768765e-01   4.7170000e+00  -2.6261307e-02
   6.1949703e-01   4.7360000e+00  -3.8267336e-03
   6.1951736e-01   4.7310000e+00  -8.7881439e-03
   6.2185533e-01   4.7240000e+00  -1.1675451e-02
   6.2185533e-01   4.7240000e+00  -1.1675451e-02
   6.2325811e-01   4.7280000e+00  -5.2585995e-03
   6.2372571e-01   4.7260000e+00  -6.4529814e-03
   6.2600268e-01   4.7180000e+00  -1.0529976e-02
   6.2600268e-01   4.7180000e+00  -1.0529976e-02
   6.2714117e-01   4.7170000e+00  -9.5684735e-03
   6.2791372e-01   4.7260000e+00   7.6254624e-04
   6.3012971e-01   4.7030000e+00  -1.8427025e-02
   6.3012971e-01   4.7030000e+00  -1.8427025e-02
   6.3102423e-01   4.7070000e+00  -1.2937548e-02
   6.3208140e-01   4.7080000e+00  -1.0177257e-02
   6.3399244e-01   4.7210000e+00   6.0048080e-03
   6.3399244e-01   4.7210000e+00   6.0048080e-03
   6.3458201e-01   4.7060000e+00  -8.0134921e-03
   6.3622875e-01   4.7120000e+00   7.2849986e-04
   6.3816012e-01   4.7060000e+00  -2.0555835e-03
   6.3816012e-01   4.7060000e+00  -2.0555835e-03
   6.3828210e-01   4.6920000e+00  -1.5852472e-02
   6.4013215e-01   4.6870000e+00  -1.7774712e-02
   6.4200252e-01   4.6930000e+00  -8.6992538e-03
   6.4206351e-01   4.6880000e+00  -1.3598967e-02
   6.4206351e-01   4.6880000e+00  -1.3598967e-02
   6.4452346e-01   4.6930000e+00  -4.5540720e-03
   6.4572294e-01   4.6800000e+00  -1.5581768e-02
   6.4948402e-01   4.6800000e+00  -9.3974254e-03
   6.4964666e-01   4.6840000e+00  -5.1299933e-03
   6.4964666e-01   4.6840000e+00  -5.1299933e-03
   6.5320444e-01   4.6730000e+00  -1.0418370e-02
   6.5363137e-01   4.6810000e+00  -1.7348071e-03
   6.5363137e-01   4.6810000e+00  -1.7348071e-03
   6.5690453e-01   4.6550000e+00  -2.2494157e-02
   6.5751444e-01   4.6650000e+00  -1.1517638e-02
   6.5751444e-01   4.6650000e+00  -1.1517638e-02
   6.6044198e-01   4.6690000e+00  -2.8649995e-03
   6.6062495e-01   4.6540000e+00  -1.7586389e-02
   6.6121452e-01   4.6730000e+00   2.3113562e-03
   6.6121452e-01   4.6730000e+00   2.3113562e-03
   6.6434537e-01   4.6540000e+00  -1.1921306e-02
   6.6517891e-01   4.6750000e+00   1.0347920e-02
   6.6517891e-01   4.6750000e+00   1.0347920e-02
   6.6808612e-01   4.6540000e+00  -6.2252667e-03
   6.6853338e-01   4.6570000e+00  -2.5442193e-03
   6.6885866e-01   4.6680000e+00   8.9510887e-03
   6.6885866e-01   4.6680000e+00   8.9510887e-03
   6.7178621e-01   4.6590000e+00   4.2329177e-03
   6.7255875e-01   4.6590000e+00   5.3331787e-03
   6.7255875e-01   4.6590000e+00   5.3331787e-03
   6.7550663e-01   4.6500000e+00   5.3153922e-04
   6.7625884e-01   4.6560000e+00   7.6028457e-03
   6.7625884e-01   4.6560000e+00   7.6028457e-03
   6.7924738e-01   4.6440000e+00  -1.4088483e-04
   6.7993860e-01   4.6290000e+00  -1.4156442e-02
   6.7993860e-01   4.6290000e+00  -1.4156442e-02
   6.8294747e-01   4.6430000e+00   3.7618226e-03
   6.8321176e-01   4.6250000e+00  -1.3894677e-02
   6.8363869e-01   4.6310000e+00  -7.3397917e-03
   6.8363869e-01   4.6310000e+00  -7.3397917e-03
   6.8666789e-01   4.6240000e+00  -1.0402748e-02
   6.8709482e-01   4.6410000e+00   7.1521375e-03
   6.8782671e-01   4.6310000e+00  -1.8966299e-03
   6.8782671e-01   4.6310000e+00  -1.8966299e-03
   6.9040864e-01   4.6360000e+00   6.4027127e-03
   6.9410873e-01   4.6250000e+00  -2.9889255e-04
   6.9490160e-01   4.6290000e+00   4.6221909e-03
   6.9778849e-01   4.6230000e+00   1.9758834e-03
   7.0152924e-01   4.6090000e+00  -7.9132251e-03
   7.0524965e-01   4.6060000e+00  -7.1622981e-03
   7.0657112e-01   4.6030000e+00  -8.8300012e-03
   7.0894974e-01   4.6010000e+00  -8.4318682e-03
   7.0996625e-01   4.5940000e+00  -1.4407024e-02
   7.0996625e-01   4.5940000e+00  -1.4407024e-02
   7.1045418e-01   4.5960000e+00  -1.1991084e-02
   7.1269049e-01   4.6080000e+00   1.8894362e-03
   7.1364601e-01   4.6010000e+00  -4.3070690e-03
   7.1364601e-01   4.6010000e+00  -4.3070690e-03
   7.1641091e-01   4.5950000e+00  -7.9820630e-03
   7.1734610e-01   4.6140000e+00   1.1804336e-02
   7.1734610e-01   4.6140000e+00   1.1804336e-02
   7.2013133e-01   4.5940000e+00  -5.8769526e-03
   7.2135114e-01   4.5990000e+00  -6.8462604e-05
   7.2135114e-01   4.5990000e+00  -6.8462604e-05
   7.2383142e-01   4.5930000e+00  -4.4245334e-03
   7.2503090e-01   4.5960000e+00  -6.2951840e-04
   7.2503090e-01   4.5960000e+00  -6.2951840e-04
   7.2606774e-01   4.5840000e+00  -1.1942302e-02
   7.2759250e-01   4.5930000e+00  -1.9316895e-03
   7.2901561e-01   4.5900000e+00  -3.9884514e-03
   7.2901561e-01   4.5900000e+00  -3.9884514e-03
   7.2997113e-01   4.5880000e+00  -5.3551343e-03
   7.3127226e-01   4.5870000e+00  -5.7272226e-03
   7.3273603e-01   4.6050000e+00   1.2973192e-02
   7.3273603e-01   4.6050000e+00   1.2973192e-02
   7.3501301e-01   4.5930000e+00   2.0627262e-03
   7.3692405e-01   4.5880000e+00  -2.0228435e-03
   7.3692405e-01   4.5880000e+00  -2.0228435e-03
   7.3873343e-01   4.5870000e+00  -2.1570530e-03
   7.4241319e-01   4.5900000e+00   2.1449641e-03
   7.4613361e-01   4.5860000e+00  -7.8206688e-04
   7.4936611e-01   4.5840000e+00  -1.8498150e-03
   7.4936611e-01   4.5840000e+00  -1.8498150e-03
   7.4985403e-01   4.5820000e+00  -3.7090979e-03
   7.5304586e-01   4.5860000e+00   6.2601221e-04
   7.5304586e-01   4.5860000e+00   6.2601221e-04
   7.5355412e-01   4.5850000e+00  -3.2509378e-04
   7.5723388e-01   4.5870000e+00   2.0288991e-03
   7.5723388e-01   4.5870000e+00   2.0288991e-03
   7.5729487e-01   4.5880000e+00   3.0347664e-03
   7.6142189e-01   4.5820000e+00  -2.8459095e-03
   7.6142189e-01   4.5820000e+00  -2.8459095e-03
   7.6471538e-01   4.5860000e+00   8.2770601e-04
   7.6536594e-01   4.5900000e+00   4.7632350e-03
   7.6536594e-01   4.5900000e+00   4.7632350e-03
   7.6841547e-01   4.5940000e+00   8.4610272e-03
   7.6930999e-01   4.5830000e+00  -2.6276204e-03
   7.6930999e-01   4.5830000e+00  -2.6276204e-03
   7.7215622e-01   4.5900000e+00   3.6724439e-03
   7.7301008e-01   4.5870000e+00   4.2234628e-04
   7.7301008e-01   4.5870000e+00   4.2234628e-04
   7.7587664e-01   4.5880000e+00   5.8273303e-04
   7.7957673e-01   4.5910000e+00   2.4989769e-03
   7.8327682e-01   4.5880000e+00  -2.2191707e-03
   7.9073798e-01   4.5940000e+00   1.2598233e-05
   7.9236440e-01   4.5910000e+00  -4.0836044e-03
   7.9236440e-01   4.5910000e+00  -4.0836044e-03
   7.9659307e-01   4.6020000e+00   4.0662696e-03
   7.9659307e-01   4.6020000e+00   4.0662696e-03
   8.0185858e-01   4.6000000e+00  -1.8176022e-03
   8.0415589e-01   4.5980000e+00  -5.7799628e-03
   8.0415589e-01   4.5980000e+00  -5.7799628e-03
   8.0557900e-01   4.5990000e+00  -5.9955846e-03
   8.0751037e-01   4.6220000e+00   1.5354643e-02
   8.0751037e-01   4.6220000e+00   1.5354643e-02
   8.0929942e-01   4.6110000e+00   2.8264330e-03
   8.1301984e-01   4.6190000e+00   7.1447409e-03
   8.1674026e-01   4.6160000e+00   3.4619257e-04
   8.2046068e-01   4.6200000e+00   4.7292168e-04
   8.2418110e-01   4.6190000e+00  -4.9290787e-03
   8.2790152e-01   4.6270000e+00  -1.3310791e-03
   8.3160161e-01   4.6400000e+00   7.0675495e-03
   8.3528137e-01   4.6390000e+00   1.2003324e-03
   8.3926608e-01   4.6460000e+00   2.9297541e-03
   8.3926608e-01   4.6620000e+00   1.8929754e-02
   8.3926608e-01   4.6620000e+00   1.8929754e-02
   8.4294584e-01   4.6540000e+00   5.7049120e-03
   8.4318980e-01   4.6530000e+00   4.3526062e-03
   8.4318980e-01   4.6530000e+00   4.3526062e-03
   8.4664593e-01   4.6660000e+00   1.2361612e-02
   8.4717451e-01   4.6530000e+00  -1.4017161e-03
   8.4717451e-01   4.6530000e+00  -1.4017161e-03
   8.5034602e-01   4.6630000e+00   3.9866175e-03
   8.5111857e-01   4.6610000e+00   8.0021907e-04
   8.5111857e-01   4.6610000e+00   8.0021907e-04
   8.5414776e-01   4.6710000e+00   6.1482856e-03
   8.5530658e-01   4.6660000e+00  -6.3131401e-04
   8.5530658e-01   4.6660000e+00  -6.3131401e-04
   8.5776653e-01   4.6710000e+00   5.9094221e-04
   8.5927096e-01   4.6620000e+00  -1.0719415e-02
   8.5927096e-01   4.6620000e+00  -1.0719415e-02
   8.6146662e-01   4.6830000e+00   6.8006255e-03
   8.6321501e-01   4.6780000e+00  -1.0132403e-03
   8.6321501e-01   4.6780000e+00  -1.0132403e-03
   8.6520737e-01   4.6970000e+00   1.4780263e-02
   8.6742336e-01   4.6810000e+00  -4.7861481e-03
   8.6742336e-01   4.6810000e+00  -4.7861481e-03
   8.7159104e-01   4.7160000e+00   2.3285386e-02
   8.7159104e-01   4.7160000e+00   2.3285386e-02
   8.7281085e-01   4.7030000e+00   8.1527940e-03
   8.7527080e-01   4.7130000e+00   1.3852064e-02
   8.7527080e-01   4.7130000e+00   1.3852064e-02
   8.7651094e-01   4.7070000e+00   5.6839280e-03
   8.7893023e-01   4.7040000e+00  -1.5457167e-03
   8.7893023e-01   4.7040000e+00  -1.5457167e-03
   8.8023136e-01   4.7170000e+00   9.1248952e-03
   8.8279296e-01   4.7200000e+00   7.0416536e-03
   8.8279296e-01   4.7200000e+00   7.0416536e-03
   8.8395178e-01   4.7190000e+00   3.7420927e-03
   8.8665569e-01   4.7360000e+00   1.5376452e-02
   8.8665569e-01   4.7360000e+00   1.5376452e-02
   8.8765187e-01   4.7310000e+00   8.3996357e-03
   8.9049809e-01   4.7290000e+00   7.0516906e-04
   8.9049809e-01   4.7290000e+00   7.0516906e-04
   8.9137229e-01   4.7340000e+00   3.8889381e-03
   8.9436082e-01   4.7670000e+00   3.0679960e-02
   8.9436082e-01   4.7670000e+00   3.0679960e-02
   8.9529601e-01   4.7490000e+00   1.0737016e-02
   8.9850817e-01   4.7540000e+00   9.0634202e-03
   8.9850817e-01   4.7540000e+00   9.0634202e-03
   8.9901643e-01   4.7630000e+00   1.7007472e-02
   9.0235057e-01   4.7520000e+00  -2.1364429e-03
   9.0235057e-01   4.7520000e+00  -2.1364429e-03
   9.0263520e-01   4.7620000e+00   7.1248770e-03
   9.0647760e-01   4.7780000e+00   1.3152695e-02
   9.0647760e-01   4.7870000e+00   2.2152694e-02
   9.0647760e-01   4.7870000e+00   2.2152694e-02
   9.1015736e-01   4.7920000e+00   1.7587555e-02
   9.1062495e-01   4.7730000e+00  -2.6707396e-03
   9.1062495e-01   4.7730000e+00  -2.6707396e-03
   9.1385745e-01   4.7850000e+00   6.3061521e-04
   9.1450801e-01   4.7900000e+00   3.8799454e-03
   9.1450801e-01   4.7900000e+00   3.8799454e-03
   9.1755753e-01   4.7980000e+00   3.6736751e-03
   9.1835041e-01   4.7930000e+00  -3.4599569e-03
   9.1835041e-01   4.7930000e+00  -3.4599569e-03
   9.2221314e-01   4.7930000e+00  -1.4689138e-02
   9.2221314e-01   4.7930000e+00  -1.4689138e-02
   9.2605554e-01   4.8330000e+00   1.3521990e-02
   9.2605554e-01   4.8330000e+00   1.3521990e-02
   9.2877978e-01   4.8330000e+00   5.1637450e-03
   9.2989794e-01   4.8220000e+00  -9.2668793e-03
   9.2989794e-01   4.8220000e+00  -9.2668793e-03
   9.3243921e-01   4.8390000e+00  -1.1943262e-03
   9.3374034e-01   4.8450000e+00   2.1060248e-04
   9.3374034e-01   4.8450000e+00   2.1060248e-04
   9.3617996e-01   4.8620000e+00   8.5948449e-03
   9.3758274e-01   4.8560000e+00  -2.3592191e-03
   9.3758274e-01   4.8560000e+00  -2.3592191e-03
   9.3990038e-01   4.8730000e+00   6.4558079e-03
   9.4173010e-01   4.8730000e+00   6.8308562e-04
   9.4173010e-01   4.8730000e+00   6.8308562e-04
   9.4555217e-01   4.9070000e+00   2.2707393e-02
   9.4555217e-01   4.9070000e+00   2.2707393e-02
   9.4732089e-01   4.8920000e+00   2.1654503e-03
   9.4974018e-01   4.9040000e+00   6.5850919e-03
   9.4974018e-01   4.9040000e+00   6.5850919e-03
   9.5104131e-01   4.9150000e+00   1.3492432e-02
   9.5358258e-01   4.9420000e+00   3.2491243e-02
   9.5358258e-01   4.9420000e+00   3.2491243e-02
   9.5478206e-01   4.9120000e+00  -1.2853191e-03
   9.5742498e-01   4.9260000e+00   4.3934452e-03
   9.5742498e-01   4.9260000e+00   4.3934452e-03
   9.5846182e-01   4.9330000e+00   8.1289599e-03
   9.6128771e-01   4.9340000e+00   7.6153092e-04
   9.6128771e-01   4.9340000e+00   7.6153092e-04
   9.6220257e-01   4.9460000e+00   1.0257566e-02
   9.6541474e-01   4.9610000e+00   1.6465869e-02
   9.6541474e-01   4.9610000e+00   1.6465869e-02
   9.6594332e-01   4.9490000e+00   3.0191341e-03
   9.6964341e-01   4.9550000e+00  -1.1080101e-03
   9.6986704e-01   4.9700000e+00   1.3279909e-02
   9.6986704e-01   4.9700000e+00   1.3279909e-02
   9.7334350e-01   4.9770000e+00   1.2696382e-02
   9.7401439e-01   4.9660000e+00   2.4771874e-04
   9.7401439e-01   4.9660000e+00   2.4771874e-04
   9.7708425e-01   4.9830000e+00   1.0618983e-02
   9.7787712e-01   4.9730000e+00  -1.0930759e-03
   9.7787712e-01   4.9730000e+00  -1.0930759e-03
   9.8078434e-01   4.9910000e+00   1.1074491e-02
   9.8200415e-01   5.0080000e+00   2.6132797e-02
   9.8200415e-01   5.0080000e+00   2.6132797e-02
   9.8458608e-01   5.0010000e+00   1.5022881e-02
   9.8588721e-01   4.9930000e+00   4.9517420e-03
   9.8588721e-01   4.9930000e+00   4.9517420e-03
   9.8822518e-01   5.0060000e+00   1.4230163e-02
   9.8974994e-01   5.0100000e+00   1.5803047e-02
   9.8974994e-01   5.0100000e+00   1.5803047e-02
   9.9194560e-01   5.0130000e+00   1.7353405e-02
   9.9363300e-01   4.9900000e+00  -6.5586366e-03
   9.9363300e-01   4.9900000e+00  -6.5586366e-03
   9.9570668e-01   5.0070000e+00   9.3205411e-03
   9.9751606e-01   5.0070000e+00   8.3425689e-03
   9.9751606e-01   5.0070000e+00   8.3425689e-03
