2.457672720850000158e+06 -7.999999999999118927e-03 7.509999999999976694e-01
2.457672723660000134e+06 3.000000000000113687e-03 7.370000000000000995e-01
2.457672730489999987e+06 2.299999999999968736e-02 7.579999999999991189e-01
2.457672732489999849e+06 3.200000000000002842e-02 7.370000000000000995e-01
2.457672734470000025e+06 2.400000000000090949e-02 7.469999999999981100e-01
2.457672736490000039e+06 3.599999999999958789e-02 7.540000000000013358e-01
2.457672738330000080e+06 3.500000000000014211e-02 7.549999999999990052e-01
2.457672740319999866e+06 4.300000000000103739e-02 7.469999999999981100e-01
2.457672742190000135e+06 5.300000000000082423e-02 7.329999999999987637e-01
2.457672745910000056e+06 4.800000000000004263e-02 7.450000000000009948e-01
2.457672747779999860e+06 5.499999999999971578e-02 7.489999999999987779e-01
2.457672749660000205e+06 5.099999999999837996e-02 7.469999999999998863e-01
2.457672751550000161e+06 5.299999999999904787e-02 7.370000000000018758e-01
2.457672753390000202e+06 4.199999999999981526e-02 7.520000000000006679e-01
2.457672755220000166e+06 6.000000000000049738e-02 7.429999999999985505e-01
2.457672757069999818e+06 6.200000000000116529e-02 7.299999999999986500e-01
2.457672758880000096e+06 5.599999999999916156e-02 7.420000000000008811e-01
2.457672760730000213e+06 5.799999999999982947e-02 7.439999999999997726e-01
2.457672762560000177e+06 5.500000000000149214e-02 7.509999999999994458e-01
2.457672764400000218e+06 6.000000000000049738e-02 7.500000000000000000e-01
2.457672766220000107e+06 4.500000000000170530e-02 7.509999999999994458e-01
2.457672767940000165e+06 5.400000000000027001e-02 7.539999999999995595e-01
2.457672769669999834e+06 5.499999999999971578e-02 7.500000000000017764e-01
2.457672771370000206e+06 5.400000000000027001e-02 7.490000000000005542e-01
2.457672773209999781e+06 4.499999999999992895e-02 7.449999999999992184e-01
2.457672775020000059e+06 4.600000000000115108e-02 7.419999999999991047e-01
2.457672776850000024e+06 3.899999999999970157e-02 7.519999999999988916e-01
2.457672778640000150e+06 4.900000000000126477e-02 7.459999999999986642e-01
2.457672780429999810e+06 3.499999999999836575e-02 7.520000000000006679e-01
2.457672782250000164e+06 3.999999999999914735e-02 7.439999999999997726e-01
2.457672784049999900e+06 3.500000000000014211e-02 7.420000000000008811e-01
2.457672785900000017e+06 3.699999999999903366e-02 7.530000000000001137e-01
2.457672787599999923e+06 2.299999999999968736e-02 7.510000000000012221e-01
2.457672789419999812e+06 1.400000000000112266e-02 7.490000000000005542e-01
2.457672791209999938e+06 1.999999999999957367e-02 7.600000000000015632e-01
2.457672793029999826e+06 2.099999999999901945e-02 7.540000000000013358e-01
2.457672796659999993e+06 1.100000000000100897e-02 7.469999999999981100e-01
2.457672798369999975e+06 8.000000000000895284e-03 7.490000000000005542e-01
2.457672809040000197e+06 -3.599999999999958789e-02 7.430000000000003268e-01
2.457672812659999821e+06 -3.400000000000069633e-02 7.550000000000007816e-01
2.457672814460000023e+06 -4.199999999999981526e-02 7.570000000000014495e-01
2.457672816279999912e+06 -7.600000000000051159e-02 7.589999999999985647e-01
2.457672817999999970e+06 -6.099999999999994316e-02 7.560000000000002274e-01
2.457672819800000172e+06 -7.300000000000039790e-02 7.519999999999988916e-01
2.457672821640000213e+06 -6.099999999999994316e-02 7.449999999999992184e-01
2.457672823419999797e+06 -8.799999999999918998e-02 7.490000000000005542e-01
2.457672825250000227e+06 -9.200000000000052580e-02 7.530000000000001137e-01
2.457672827060000040e+06 -1.059999999999998721e-01 7.490000000000005542e-01
2.457672828859999776e+06 -1.030000000000015348e-01 7.550000000000007816e-01
2.457672830670000054e+06 -1.080000000000005400e-01 7.510000000000012221e-01
2.457672832469999790e+06 -1.260000000000012221e-01 7.500000000000000000e-01
2.457672834280000068e+06 -1.400000000000005684e-01 7.439999999999997726e-01
2.457672836170000024e+06 -1.359999999999992326e-01 7.379999999999995453e-01
2.457672837900000159e+06 -1.630000000000002558e-01 7.429999999999985505e-01
2.457672839699999895e+06 -1.649999999999991473e-01 7.469999999999998863e-01
2.457672841519999783e+06 -1.799999999999997158e-01 7.449999999999992184e-01
2.457672843340000138e+06 -1.819999999999986073e-01 7.479999999999993321e-01
2.457672845139999874e+06 -2.019999999999999574e-01 7.580000000000008953e-01
2.457672846969999839e+06 -2.069999999999989626e-01 7.469999999999998863e-01
2.457672848770000041e+06 -2.189999999999994174e-01 7.469999999999998863e-01
2.457672850589999929e+06 -2.299999999999986500e-01 7.360000000000006537e-01
2.457672852400000207e+06 -2.379999999999995453e-01 7.439999999999997726e-01
2.457672854210000020e+06 -2.599999999999997868e-01 7.500000000000000000e-01
2.457672855990000069e+06 -2.679999999999989058e-01 7.399999999999984368e-01
2.457672857820000034e+06 -2.730000000000014637e-01 7.370000000000000995e-01
2.457672859730000142e+06 -2.940000000000004832e-01 7.469999999999998863e-01
2.457672861570000183e+06 -2.980000000000000426e-01 7.510000000000012221e-01
2.457672863379999995e+06 -2.989999999999994884e-01 7.449999999999992184e-01
2.457672865209999960e+06 -3.099999999999987210e-01 7.449999999999992184e-01
2.457672867019999772e+06 -3.239999999999998437e-01 7.439999999999997726e-01
2.457672868809999898e+06 -3.409999999999993037e-01 7.539999999999995595e-01
2.457672870620000176e+06 -3.469999999999995310e-01 7.530000000000001137e-01
2.457672872419999912e+06 -3.520000000000003126e-01 7.480000000000011084e-01
2.457672874230000190e+06 -3.580000000000005400e-01 7.500000000000000000e-01
2.457672876029999927e+06 -3.659999999999996589e-01 7.460000000000004405e-01
2.457672886930000037e+06 -3.979999999999996874e-01 7.520000000000006679e-01
2.457672888729999773e+06 -3.840000000000003411e-01 7.389999999999989910e-01
2.457672890420000069e+06 -3.680000000000003268e-01 7.249999999999996447e-01
2.457672924490000121e+06 -2.029999999999994031e-01 7.469999999999998863e-01
2.457672926320000086e+06 -1.920000000000001705e-01 7.450000000000009948e-01
2.457672928129999898e+06 -1.829999999999998295e-01 7.439999999999997726e-01
2.457672929959999863e+06 -1.680000000000010374e-01 7.409999999999996589e-01
2.457672931799999904e+06 -1.639999999999997016e-01 7.309999999999998721e-01
2.457672933610000182e+06 -1.600000000000001421e-01 7.390000000000007674e-01
2.457672935440000147e+06 -1.509999999999998010e-01 7.349999999999994316e-01
2.457672937270000111e+06 -1.469999999999984652e-01 7.379999999999995453e-01
2.457672939079999924e+06 -1.430000000000006821e-01 7.430000000000003268e-01
2.457672940990000032e+06 -1.199999999999992184e-01 7.339999999999999858e-01
2.457672942710000090e+06 -1.239999999999987779e-01 7.439999999999997726e-01
2.457672944540000055e+06 -1.100000000000012079e-01 7.400000000000002132e-01
2.457672946500000078e+06 -1.059999999999998721e-01 7.409999999999996589e-01
2.457672948230000213e+06 -9.399999999999941735e-02 7.389999999999989910e-01
2.457672952000000048e+06 -9.999999999999964473e-02 7.750000000000003553e-01
2.457672953710000031e+06 -8.000000000000007105e-02 7.550000000000007816e-01
2.457672955570000224e+06 -7.300000000000039790e-02 7.490000000000005542e-01
2.457672957479999866e+06 -7.200000000000095213e-02 7.650000000000005684e-01
2.457672959420000203e+06 -6.299999999999883471e-02 7.549999999999990052e-01
2.457672961329999845e+06 -5.899999999999927525e-02 7.619999999999986784e-01
2.457672963250000030e+06 -5.199999999999960210e-02 7.569999999999996732e-01
2.457672965170000214e+06 -4.400000000000048317e-02 7.710000000000007958e-01
2.457672967069999781e+06 -4.700000000000059686e-02 7.680000000000006821e-01
2.457672968989999965e+06 -3.599999999999958789e-02 7.510000000000012221e-01
2.457672970889999997e+06 -3.700000000000081002e-02 7.660000000000000142e-01
2.457672972810000181e+06 -2.399999999999913314e-02 7.489999999999987779e-01
2.457672974719999824e+06 -1.999999999999957367e-02 7.509999999999994458e-01
2.457672976609999780e+06 -1.999999999999957367e-02 7.699999999999995737e-01
2.457672978550000116e+06 -1.200000000000045475e-02 7.500000000000000000e-01
2.457672980450000148e+06 -6.000000000000227374e-03 7.670000000000012363e-01
2.457672982410000172e+06 -3.000000000000113687e-03 7.510000000000012221e-01
2.457672984300000127e+06 3.000000000000113687e-03 7.590000000000003411e-01
2.457672986219999846e+06 8.000000000000895284e-03 7.599999999999997868e-01
2.457672988119999878e+06 1.600000000000001421e-02 7.569999999999996732e-01
2.457672990060000215e+06 6.999999999999673150e-03 7.610000000000010090e-01
2.457672991979999933e+06 1.699999999999945999e-02 7.509999999999994458e-01
2.457672993910000194e+06 2.199999999999846523e-02 7.580000000000008953e-01
2.457672995810000226e+06 1.600000000000001421e-02 7.699999999999995737e-01
2.457672997740000021e+06 2.700000000000102318e-02 7.609999999999992326e-01
2.457672999669999816e+06 2.200000000000024158e-02 7.580000000000008953e-01
2.457673001600000076e+06 3.200000000000002842e-02 7.590000000000003411e-01
2.457673003639999777e+06 3.200000000000002842e-02 7.620000000000022311e-01
2.457673005559999961e+06 3.599999999999958789e-02 7.490000000000023306e-01
2.457673007590000052e+06 3.400000000000069633e-02 7.689999999999983515e-01
2.457673009639999829e+06 4.100000000000036948e-02 7.599999999999997868e-01
2.457673011580000166e+06 3.999999999999914735e-02 7.539999999999995595e-01
2.457673013499999885e+06 3.700000000000081002e-02 7.519999999999988916e-01
2.457673015500000212e+06 4.100000000000036948e-02 7.530000000000001137e-01
2.457673017580000218e+06 4.499999999999992895e-02 7.539999999999995595e-01
2.457673019619999919e+06 3.699999999999903366e-02 7.620000000000004547e-01
2.457673021550000180e+06 3.099999999999880629e-02 7.599999999999997868e-01
2.457673023490000051e+06 3.899999999999970157e-02 7.600000000000015632e-01
2.457673025400000159e+06 3.100000000000058265e-02 7.549999999999990052e-01
2.457673027329999954e+06 3.200000000000002842e-02 7.660000000000000142e-01
2.457673029250000138e+06 2.500000000000035527e-02 7.560000000000002274e-01
2.457673031179999933e+06 2.899999999999991473e-02 7.530000000000001137e-01
2.457673033090000041e+06 3.299999999999947420e-02 7.550000000000007816e-01
2.457673035019999836e+06 2.899999999999991473e-02 7.590000000000003411e-01
2.457673036940000020e+06 1.600000000000001421e-02 7.589999999999985647e-01
2.457673038850000128e+06 1.600000000000001421e-02 7.649999999999987921e-01
2.457673040779999923e+06 9.000000000000341061e-03 7.529999999999983373e-01
2.457673042700000107e+06 -1.000000000001222134e-03 7.680000000000006821e-01
2.457673044710000046e+06 3.999999999999559464e-03 7.599999999999997868e-01
2.457673046639999840e+06 5.000000000000781597e-03 7.409999999999996589e-01
2.457673048549999949e+06 3.999999999999559464e-03 7.440000000000015490e-01
2.457673050499999896e+06 -5.000000000000781597e-03 7.610000000000010090e-01
2.457673052399999928e+06 -6.999999999999673150e-03 7.539999999999995595e-01
2.457673054320000112e+06 -1.399999999999934630e-02 7.619999999999986784e-01
2.457673056239999831e+06 -1.299999999999990052e-02 7.520000000000006679e-01
2.457673058170000091e+06 -2.399999999999913314e-02 7.469999999999998863e-01
2.457673060080000199e+06 -3.100000000000058265e-02 7.400000000000002132e-01
2.457673061989999842e+06 -3.300000000000125056e-02 7.540000000000013358e-01
2.457673063920000102e+06 -4.900000000000126477e-02 7.600000000000015632e-01
2.457673065930000041e+06 -5.499999999999971578e-02 7.660000000000000142e-01
2.457673067950000055e+06 -6.199999999999938893e-02 7.649999999999987921e-01
2.457673069869999774e+06 -6.499999999999950262e-02 7.639999999999975699e-01
2.457673071779999882e+06 -7.900000000000062528e-02 7.590000000000003411e-01
2.457673073710000142e+06 -8.900000000000041211e-02 7.590000000000003411e-01
2.457673075639999937e+06 -7.900000000000062528e-02 7.610000000000010090e-01
2.457673077570000198e+06 -1.089999999999999858e-01 7.669999999999994600e-01
2.457673079479999840e+06 -1.140000000000007674e-01 7.560000000000002274e-01
2.457673081410000101e+06 -1.109999999999988773e-01 7.530000000000001137e-01
2.457673083320000209e+06 -1.080000000000005400e-01 7.490000000000005542e-01
2.457673085239999928e+06 -1.230000000000011084e-01 7.500000000000000000e-01
2.457673087139999960e+06 -1.250000000000000000e-01 7.349999999999994316e-01
2.457673089050000068e+06 -1.379999999999999005e-01 7.449999999999992184e-01
2.457673090960000176e+06 -1.410000000000000142e-01 7.330000000000005400e-01
2.457673092889999971e+06 -1.680000000000010374e-01 7.350000000000012079e-01
2.457673098590000067e+06 -1.809999999999991616e-01 7.309999999999980957e-01
2.457673107410000172e+06 -2.520000000000006679e-01 7.440000000000015490e-01
2.457673109319999814e+06 -2.710000000000007958e-01 7.459999999999986642e-01
2.457673111239999998e+06 -2.750000000000003553e-01 7.300000000000004263e-01
2.457673113160000183e+06 -2.970000000000005969e-01 7.439999999999997726e-01
2.457673115069999825e+06 -3.089999999999992752e-01 7.289999999999992042e-01
2.457673116979999933e+06 -3.260000000000005116e-01 7.440000000000015490e-01
2.457673118890000042e+06 -3.439999999999994174e-01 7.539999999999995595e-01
2.457673120889999904e+06 -3.470000000000013074e-01 7.469999999999998863e-01
2.457673122690000106e+06 -3.499999999999996447e-01 7.530000000000001137e-01
2.457673124609999824e+06 -3.569999999999993179e-01 7.460000000000004405e-01
2.457673126519999932e+06 -3.610000000000006537e-01 7.370000000000000995e-01
2.457673128510000184e+06 -3.750000000000000000e-01 7.279999999999997584e-01
2.457673130530000199e+06 -3.770000000000006679e-01 7.390000000000007674e-01
2.457673132449999917e+06 -3.629999999999995453e-01 7.279999999999997584e-01
2.457673134380000178e+06 -3.740000000000005542e-01 7.469999999999998863e-01
2.457673136309999973e+06 -3.630000000000013216e-01 7.410000000000014353e-01
2.457673138220000081e+06 -3.610000000000006537e-01 7.419999999999991047e-01
2.457673140149999876e+06 -3.680000000000003268e-01 7.400000000000002132e-01
2.457673725659999996e+06 4.299999999999926104e-02 7.350000000000012079e-01
2.457673729030000046e+06 3.399999999999891998e-02 7.560000000000002274e-01
2.457673731079999823e+06 4.800000000000004263e-02 7.389999999999989910e-01
2.457673733010000084e+06 5.900000000000105160e-02 7.369999999999983231e-01
2.457673734939999878e+06 5.000000000000071054e-02 7.389999999999989910e-01
2.457673736880000215e+06 5.499999999999971578e-02 7.400000000000002132e-01
2.457673738839999773e+06 4.899999999999948841e-02 7.350000000000012079e-01
2.457673740759999957e+06 5.300000000000082423e-02 7.410000000000014353e-01
2.457673742680000141e+06 5.499999999999971578e-02 7.459999999999986642e-01
2.457673744609999936e+06 5.000000000000071054e-02 7.480000000000011084e-01
2.457673746530000120e+06 5.600000000000093792e-02 7.449999999999992184e-01
2.457673748449999839e+06 4.500000000000170530e-02 7.349999999999994316e-01
2.457673750390000176e+06 4.599999999999937472e-02 7.339999999999999858e-01
2.457673752309999894e+06 5.200000000000137845e-02 7.330000000000005400e-01
2.457673754220000003e+06 4.499999999999992895e-02 7.449999999999992184e-01
2.457673756180000026e+06 4.800000000000004263e-02 7.480000000000011084e-01
2.457673758069999982e+06 4.300000000000103739e-02 7.379999999999995453e-01
2.457673759990000166e+06 4.300000000000103739e-02 7.399999999999984368e-01
2.457673761919999961e+06 4.299999999999926104e-02 7.370000000000018758e-01
2.457673763729999773e+06 4.199999999999981526e-02 7.380000000000013216e-01
2.457673765560000204e+06 3.400000000000069633e-02 7.359999999999988773e-01
2.457673767609999981e+06 3.200000000000002842e-02 7.490000000000005542e-01
2.457673769559999928e+06 2.899999999999991473e-02 7.429999999999985505e-01
2.457673771379999816e+06 2.500000000000035527e-02 7.500000000000017764e-01
2.457673773310000077e+06 2.000000000000135003e-02 7.469999999999981100e-01
2.457673775200000033e+06 1.000000000000156319e-02 7.399999999999984368e-01
2.457673777050000150e+06 8.999999999998564704e-03 7.460000000000004405e-01
2.457673778880000114e+06 -2.000000000000667910e-03 7.319999999999993179e-01
2.457673780679999851e+06 -3.000000000000113687e-03 7.479999999999993321e-01
2.457673782519999892e+06 -1.399999999999934630e-02 7.459999999999986642e-01
2.457673784339999780e+06 -1.299999999999990052e-02 7.439999999999997726e-01
2.457673788019999862e+06 -1.900000000000012790e-02 7.329999999999987637e-01
2.457673796159999911e+06 -4.300000000000103739e-02 7.419999999999991047e-01
2.457673797979999799e+06 -5.499999999999971578e-02 7.429999999999985505e-01
2.457673799930000212e+06 -5.599999999999916156e-02 7.370000000000000995e-01
2.457673801870000083e+06 -6.700000000000017053e-02 7.400000000000019895e-01
2.457673803929999936e+06 -7.699999999999995737e-02 7.480000000000011084e-01
2.457673805860000197e+06 -7.699999999999995737e-02 7.390000000000007674e-01
2.457673807829999831e+06 -8.999999999999985789e-02 7.420000000000008811e-01
2.457673809739999939e+06 -9.999999999999964473e-02 7.519999999999988916e-01
2.457673811579999980e+06 -1.119999999999983231e-01 7.509999999999976694e-01
2.457673813500000164e+06 -1.159999999999996589e-01 7.379999999999977689e-01
2.457673815320000052e+06 -1.089999999999999858e-01 7.450000000000009948e-01
2.457673817249999847e+06 -1.299999999999990052e-01 7.379999999999977689e-01
2.457673819089999888e+06 -1.329999999999991189e-01 7.460000000000004405e-01
2.457673820989999920e+06 -1.579999999999994742e-01 7.470000000000016627e-01
2.457673823040000163e+06 -1.679999999999992610e-01 7.419999999999991047e-01
2.457673824880000204e+06 -1.720000000000005969e-01 7.400000000000002132e-01
2.457673826779999770e+06 -1.849999999999987210e-01 7.379999999999995453e-01
2.457673828679999802e+06 -1.850000000000004974e-01 7.419999999999991047e-01
2.457673830599999987e+06 -1.989999999999998437e-01 7.419999999999991047e-01
2.457673832429999951e+06 -2.000000000000010658e-01 7.370000000000018758e-01
2.457673834329999983e+06 -2.159999999999993037e-01 7.409999999999978826e-01
2.457673836230000015e+06 -2.459999999999986642e-01 7.419999999999991047e-01
2.457673838130000047e+06 -2.300000000000004263e-01 7.490000000000005542e-01
2.457673840040000156e+06 -2.480000000000011084e-01 7.329999999999987637e-01
2.457673841870000120e+06 -2.560000000000002274e-01 7.389999999999989910e-01
2.457673843690000009e+06 -2.719999999999984652e-01 7.359999999999988773e-01
2.457673845530000050e+06 -2.820000000000000284e-01 7.490000000000005542e-01
2.457673847430000082e+06 -2.870000000000008100e-01 7.370000000000000995e-01
2.457673849340000190e+06 -3.000000000000007105e-01 7.459999999999986642e-01
2.457673851150000002e+06 -3.089999999999992752e-01 7.440000000000015490e-01
2.457673852969999891e+06 -3.209999999999997300e-01 7.390000000000007674e-01
2.457673854809999932e+06 -3.290000000000006253e-01 7.530000000000001137e-01
2.457673856709999964e+06 -3.439999999999994174e-01 7.520000000000006679e-01
2.457673858539999928e+06 -3.439999999999994174e-01 7.450000000000009948e-01
2.457673860350000206e+06 -3.610000000000006537e-01 7.490000000000005542e-01
2.457673862399999984e+06 -3.539999999999992042e-01 7.499999999999982236e-01
2.457673864320000168e+06 -3.650000000000002132e-01 7.480000000000011084e-01
2.457673866140000056e+06 -3.719999999999998863e-01 7.400000000000002132e-01
2.457673867959999945e+06 -3.739999999999987779e-01 7.430000000000003268e-01
2.457673869779999834e+06 -3.669999999999991047e-01 7.409999999999978826e-01
2.457673871609999798e+06 -3.710000000000004405e-01 7.370000000000018758e-01
2.457673873430000152e+06 -3.710000000000004405e-01 7.420000000000008811e-01
2.457673875339999795e+06 -3.679999999999985505e-01 7.409999999999978826e-01
2.457673877280000132e+06 -3.669999999999991047e-01 7.450000000000009948e-01
2.457673879089999944e+06 -3.640000000000007674e-01 7.490000000000005542e-01
2.457673880919999909e+06 -3.559999999999998721e-01 7.449999999999992184e-01
2.457673882749999873e+06 -3.489999999999984226e-01 7.419999999999991047e-01
2.457673884570000228e+06 -3.379999999999991900e-01 7.449999999999992184e-01
2.457673886479999870e+06 -3.330000000000001847e-01 7.489999999999987779e-01
2.457673888249999844e+06 -3.279999999999994031e-01 7.379999999999995453e-01
2.457673890050000045e+06 -3.170000000000001705e-01 7.360000000000006537e-01
2.457673891869999934e+06 -3.019999999999996021e-01 7.399999999999984368e-01
2.457673893730000127e+06 -2.929999999999992610e-01 7.509999999999994458e-01
2.457673895620000083e+06 -2.830000000000012506e-01 7.400000000000019895e-01
2.457673897539999802e+06 -2.710000000000007958e-01 7.429999999999985505e-01
2.457673899370000232e+06 -2.669999999999994600e-01 7.380000000000013216e-01
2.457673901279999875e+06 -2.469999999999998863e-01 7.409999999999978826e-01
2.457673903160000220e+06 -2.379999999999995453e-01 7.490000000000005542e-01
2.457673904990000185e+06 -2.249999999999996447e-01 7.480000000000011084e-01
2.457673928220000118e+06 -1.059999999999998721e-01 7.410000000000014353e-01
2.457673930009999778e+06 -1.039999999999992042e-01 7.439999999999997726e-01
2.457673931849999819e+06 -1.009999999999990905e-01 7.490000000000005542e-01
2.457673933759999927e+06 -8.999999999999985789e-02 7.459999999999986642e-01
2.457673935670000035e+06 -8.000000000000007105e-02 7.439999999999997726e-01
2.457673937419999857e+06 -7.899999999999884892e-02 7.429999999999985505e-01
2.457673939240000211e+06 -6.500000000000127898e-02 7.330000000000005400e-01
2.457673941070000175e+06 -6.600000000000072475e-02 7.500000000000000000e-01
2.457673942900000140e+06 -5.300000000000082423e-02 7.450000000000009948e-01
2.457673944749999791e+06 -5.299999999999904787e-02 7.440000000000015490e-01
2.457673946580000222e+06 -4.599999999999937472e-02 7.430000000000003268e-01
2.457673948400000110e+06 -2.800000000000046896e-02 7.370000000000000995e-01
2.457673950230000075e+06 -2.699999999999924682e-02 7.360000000000006537e-01
2.457673952060000040e+06 -2.699999999999924682e-02 7.319999999999993179e-01
2.457673953900000080e+06 -2.700000000000102318e-02 7.410000000000014353e-01
2.457673955719999969e+06 -3.200000000000002842e-02 7.489999999999987779e-01
2.457673957549999934e+06 -2.299999999999968736e-02 7.439999999999997726e-01
2.457673959389999975e+06 -1.699999999999945999e-02 7.529999999999983373e-01
2.457673961209999863e+06 -1.600000000000001421e-02 7.479999999999993321e-01
2.457673963039999828e+06 3.000000000000113687e-03 7.459999999999986642e-01
2.457673964879999869e+06 -9.000000000000341061e-03 7.469999999999998863e-01
2.457673966700000223e+06 2.000000000000667910e-03 7.370000000000000995e-01
2.457673968510000035e+06 4.000000000001335820e-03 7.369999999999983231e-01
2.457673970350000076e+06 1.800000000000068212e-02 7.410000000000014353e-01
2.457673972180000041e+06 2.099999999999901945e-02 7.330000000000005400e-01
2.457673973999999929e+06 2.599999999999980105e-02 7.459999999999986642e-01
2.457673975839999970e+06 1.900000000000012790e-02 7.439999999999997726e-01
2.457673977669999935e+06 3.200000000000002842e-02 7.479999999999993321e-01
2.457673979499999899e+06 3.299999999999947420e-02 7.310000000000016485e-01
2.457673981319999788e+06 3.399999999999891998e-02 7.390000000000007674e-01
2.457673983169999905e+06 3.399999999999891998e-02 7.390000000000007674e-01
2.457673984980000183e+06 4.000000000000092371e-02 7.390000000000007674e-01
2.457673986820000224e+06 3.400000000000069633e-02 7.389999999999989910e-01
2.457673988650000188e+06 4.000000000000092371e-02 7.480000000000011084e-01
2.457673990460000001e+06 3.699999999999903366e-02 7.410000000000014353e-01
2.457673992289999966e+06 4.100000000000036948e-02 7.390000000000007674e-01
2.457673994119999930e+06 4.499999999999992895e-02 7.409999999999978826e-01
2.457673995939999819e+06 4.199999999999981526e-02 7.369999999999983231e-01
2.457673997779999860e+06 3.899999999999970157e-02 7.409999999999996589e-01
2.457673999590000138e+06 5.399999999999849365e-02 7.419999999999991047e-01
2.457674001430000179e+06 4.100000000000036948e-02 7.370000000000018758e-01
2.457674003250000067e+06 3.299999999999947420e-02 7.390000000000007674e-01
2.457674005090000108e+06 3.700000000000081002e-02 7.510000000000012221e-01
2.457674006920000073e+06 3.899999999999970157e-02 7.450000000000009948e-01
2.457674008739999961e+06 3.600000000000136424e-02 7.359999999999988773e-01
2.457674010559999850e+06 3.899999999999970157e-02 7.410000000000014353e-01
2.457674014229999855e+06 3.299999999999947420e-02 7.460000000000004405e-01
2.457674017769999802e+06 6.099999999999994316e-02 7.439999999999997726e-01
2.457674019700000063e+06 2.699999999999924682e-02 7.419999999999991047e-01
2.457674021530000027e+06 2.800000000000046896e-02 7.409999999999978826e-01
2.457674023359999992e+06 1.600000000000001421e-02 7.519999999999988916e-01
2.457674025189999957e+06 8.000000000000895284e-03 7.480000000000011084e-01
2.457674027019999921e+06 1.100000000000100897e-02 7.379999999999995453e-01
2.457674028849999886e+06 7.000000000001449507e-03 7.379999999999995453e-01
2.457674030679999851e+06 7.999999999999118927e-03 7.450000000000009948e-01
2.457674032509999815e+06 0.000000000000000000e+00 7.489999999999987779e-01
2.457674034330000170e+06 -1.299999999999990052e-02 7.500000000000017764e-01
2.457674036139999982e+06 -1.199999999999867839e-02 7.449999999999992184e-01
2.457674038100000005e+06 -1.900000000000012790e-02 7.460000000000022169e-01
2.457674039909999818e+06 -2.699999999999924682e-02 7.429999999999985505e-01
2.457674041730000172e+06 -3.899999999999970157e-02 7.540000000000013358e-01
2.457674043550000060e+06 -3.599999999999958789e-02 7.500000000000017764e-01
2.457674045419999864e+06 -4.400000000000048317e-02 7.339999999999982094e-01
2.457674047199999914e+06 -4.400000000000048317e-02 7.330000000000023164e-01
2.457674049019999802e+06 -5.599999999999916156e-02 7.420000000000008811e-01
2.457674050859999843e+06 -7.000000000000028422e-02 7.469999999999998863e-01
2.457674054599999916e+06 -7.600000000000051159e-02 7.449999999999992184e-01
2.457674056419999804e+06 -8.000000000000007105e-02 7.510000000000012221e-01
2.457674058249999769e+06 -8.999999999999985789e-02 7.530000000000001137e-01
2.457674060080000199e+06 -9.200000000000052580e-02 7.440000000000015490e-01
2.457674061900000088e+06 -1.039999999999992042e-01 7.360000000000006537e-01
2.457674063730000053e+06 -1.070000000000010942e-01 7.340000000000017621e-01
2.457674065659999847e+06 -1.219999999999998863e-01 7.519999999999988916e-01
2.457674067489999812e+06 -1.359999999999992326e-01 7.519999999999988916e-01
2.457674069269999862e+06 -1.350000000000015632e-01 7.409999999999996589e-01
2.457674071159999818e+06 -1.509999999999998010e-01 7.529999999999983373e-01
2.457674072970000096e+06 -1.650000000000009237e-01 7.520000000000006679e-01
2.457674074789999984e+06 -1.579999999999994742e-01 7.469999999999998863e-01
2.457674076609999873e+06 -1.709999999999993747e-01 7.290000000000009805e-01
2.457674082129999995e+06 -2.059999999999995168e-01 7.449999999999992184e-01
2.457674083930000197e+06 -2.119999999999997442e-01 7.359999999999988773e-01
2.457674085769999772e+06 -2.349999999999994316e-01 7.280000000000015348e-01
2.457674087600000203e+06 -2.459999999999986642e-01 7.360000000000006537e-01
2.457674091250000056e+06 -2.650000000000005684e-01 7.320000000000010942e-01
2.457674093080000021e+06 -2.880000000000002558e-01 7.520000000000006679e-01
2.457674094920000061e+06 -2.850000000000001421e-01 7.379999999999995453e-01
2.457674096729999874e+06 -3.059999999999991616e-01 7.429999999999985505e-01
2.457674098569999915e+06 -3.190000000000008384e-01 7.480000000000011084e-01
2.457674100409999955e+06 -3.219999999999991758e-01 7.449999999999992184e-01
2.457674102229999844e+06 -3.280000000000011795e-01 7.530000000000001137e-01
2.457674104050000198e+06 -3.499999999999996447e-01 7.459999999999986642e-01
2.457674105889999773e+06 -3.559999999999998721e-01 7.500000000000000000e-01
2.457674107710000128e+06 -3.639999999999989910e-01 7.449999999999992184e-01
2.457674109579999931e+06 -3.740000000000005542e-01 7.569999999999996732e-01
2.457674111370000057e+06 -3.789999999999995595e-01 7.309999999999980957e-01
2.457674113200000022e+06 -3.859999999999992326e-01 7.479999999999993321e-01
2.457674115050000139e+06 -3.799999999999990052e-01 7.479999999999993321e-01
2.457674118689999916e+06 -3.710000000000004405e-01 7.230000000000007532e-01
2.457674120560000185e+06 -3.709999999999986642e-01 7.339999999999999858e-01
2.457674122359999921e+06 -3.740000000000005542e-01 7.300000000000004263e-01
2.457674124210000038e+06 -3.699999999999992184e-01 7.500000000000000000e-01
2.457674126029999927e+06 -3.630000000000013216e-01 7.319999999999993179e-01
2.457674129840000067e+06 -3.490000000000001990e-01 7.470000000000016627e-01
2.457674133369999938e+06 -3.230000000000003979e-01 7.379999999999995453e-01
2.457674140649999958e+06 -2.720000000000002416e-01 7.359999999999988773e-01
2.457674142500000075e+06 -2.460000000000004405e-01 7.300000000000004263e-01
2.457674144309999887e+06 -2.460000000000004405e-01 7.450000000000009948e-01
2.457674146129999775e+06 -2.200000000000006395e-01 7.279999999999997584e-01
2.457674147950000130e+06 -2.149999999999998579e-01 7.370000000000000995e-01
2.457676709869999904e+06 5.499999999999971578e-02 7.319999999999993179e-01
2.457676711870000232e+06 3.400000000000069633e-02 7.539999999999995595e-01
2.457676713870000094e+06 3.700000000000081002e-02 7.520000000000006679e-01
2.457676715869999956e+06 2.699999999999924682e-02 7.349999999999994316e-01
2.457676717769999988e+06 3.299999999999947420e-02 7.349999999999994316e-01
2.457676719649999868e+06 2.899999999999991473e-02 7.289999999999992042e-01
2.457676721549999900e+06 2.399999999999913314e-02 7.389999999999989910e-01
2.457676723439999856e+06 1.100000000000100897e-02 7.420000000000008811e-01
2.457676725349999964e+06 2.100000000000079581e-02 7.399999999999984368e-01
2.457676727249999996e+06 1.800000000000068212e-02 7.340000000000017621e-01
2.457676729160000104e+06 1.000000000001222134e-03 7.379999999999977689e-01
2.457676731070000213e+06 3.999999999999559464e-03 7.500000000000000000e-01
2.457676732979999855e+06 -5.000000000000781597e-03 7.430000000000003268e-01
2.457676734889999963e+06 -9.999999999999786837e-03 7.450000000000009948e-01
2.457676736940000206e+06 -1.600000000000001421e-02 7.440000000000015490e-01
2.457676738859999925e+06 -2.299999999999968736e-02 7.480000000000011084e-01
2.457676750669999979e+06 -4.800000000000004263e-02 7.329999999999987637e-01
2.457676767510000151e+06 -1.150000000000002132e-01 7.370000000000000995e-01
2.457676769419999793e+06 -1.200000000000009948e-01 7.440000000000015490e-01
2.457676771319999825e+06 -1.419999999999994600e-01 7.330000000000005400e-01
2.457676773229999933e+06 -1.489999999999991331e-01 7.500000000000000000e-01
2.457676775140000042e+06 -1.570000000000000284e-01 7.389999999999989910e-01
2.457676777040000074e+06 -1.590000000000006963e-01 7.319999999999993179e-01
2.457676778930000030e+06 -1.790000000000002700e-01 7.530000000000001137e-01
2.457676780840000138e+06 -1.950000000000002842e-01 7.490000000000005542e-01
2.457676782749999780e+06 -1.880000000000006111e-01 7.510000000000012221e-01
2.457676785110000055e+06 -2.159999999999993037e-01 7.419999999999991047e-01
2.457676787490000017e+06 -2.289999999999992042e-01 7.519999999999988916e-01
2.457676789659999777e+06 -2.370000000000000995e-01 7.419999999999991047e-01
2.457676791850000154e+06 -2.549999999999990052e-01 7.430000000000003268e-01
2.457676793980000075e+06 -2.560000000000002274e-01 7.450000000000009948e-01
2.457676795719999820e+06 -2.590000000000003411e-01 7.310000000000016485e-01
2.457676798159999773e+06 -2.729999999999996874e-01 7.279999999999997584e-01
2.457676804140000138e+06 -3.119999999999993889e-01 7.329999999999987637e-01
2.457676808310000226e+06 -3.349999999999990763e-01 7.479999999999993321e-01
2.457676810320000164e+06 -3.440000000000011937e-01 7.450000000000009948e-01
2.457676812359999865e+06 -3.499999999999996447e-01 7.409999999999996589e-01
2.457676814379999880e+06 -3.600000000000012079e-01 7.450000000000009948e-01
2.457676816440000199e+06 -3.539999999999992042e-01 7.449999999999992184e-01
2.457676818500000052e+06 -3.470000000000013074e-01 7.279999999999997584e-01
2.457676820549999829e+06 -3.790000000000013358e-01 7.520000000000024443e-01
2.457676822730000131e+06 -3.700000000000009948e-01 7.410000000000014353e-01
2.457676824860000052e+06 -3.699999999999992184e-01 7.450000000000009948e-01
2.457676826989999972e+06 -3.810000000000002274e-01 7.570000000000014495e-01
2.457676829249999952e+06 -3.540000000000009805e-01 7.370000000000000995e-01
2.457676831160000060e+06 -3.409999999999993037e-01 7.389999999999989910e-01
2.457676833070000168e+06 -3.599999999999994316e-01 7.490000000000005542e-01
2.457676834970000200e+06 -3.300000000000000711e-01 7.370000000000000995e-01
2.457676836879999842e+06 -3.339999999999996305e-01 7.479999999999993321e-01
2.457676838789999951e+06 -3.140000000000000568e-01 7.339999999999999858e-01
2.457676840689999983e+06 -3.079999999999998295e-01 7.449999999999992184e-01
2.457676842600000091e+06 -2.919999999999998153e-01 7.319999999999993179e-01
2.457676844510000199e+06 -2.889999999999997016e-01 7.230000000000007532e-01
2.457676846830000170e+06 -2.859999999999995879e-01 7.549999999999990052e-01
2.457676848749999888e+06 -2.759999999999998010e-01 7.400000000000002132e-01
2.457676851160000078e+06 -2.500000000000000000e-01 7.400000000000002132e-01
2.457676853259999771e+06 -2.339999999999999858e-01 7.339999999999999858e-01
2.457676855620000046e+06 -2.240000000000001990e-01 7.460000000000004405e-01
2.457676857530000154e+06 -2.119999999999997442e-01 7.479999999999993321e-01
2.457676859439999796e+06 -2.119999999999997442e-01 7.539999999999995595e-01
2.457676861349999905e+06 -1.959999999999997300e-01 7.439999999999997726e-01
2.457676863260000013e+06 -1.900000000000012790e-01 7.510000000000012221e-01
2.457676865170000121e+06 -1.669999999999998153e-01 7.330000000000005400e-01
2.457676867080000229e+06 -1.799999999999997158e-01 7.469999999999998863e-01
2.457676878490000032e+06 -1.120000000000000995e-01 7.509999999999994458e-01
2.457676880390000064e+06 -8.999999999999985789e-02 7.339999999999999858e-01
2.457676882439999841e+06 -9.700000000000130740e-02 7.370000000000000995e-01
2.457676884480000008e+06 -9.099999999999930367e-02 7.249999999999996447e-01
2.457676886510000098e+06 -7.599999999999873523e-02 7.439999999999997726e-01
2.457676888410000131e+06 -9.400000000000119371e-02 7.500000000000000000e-01
2.457676890459999908e+06 -7.899999999999884892e-02 7.489999999999987779e-01
2.457676892380000092e+06 -6.099999999999994316e-02 7.319999999999993179e-01
2.457676896110000089e+06 -5.699999999999860734e-02 7.379999999999995453e-01
2.457676898070000112e+06 -5.400000000000027001e-02 7.390000000000007674e-01
2.457676899980000220e+06 -3.800000000000025580e-02 7.389999999999989910e-01
2.457676901800000109e+06 -4.599999999999937472e-02 7.419999999999991047e-01
2.457676903750000056e+06 -4.800000000000004263e-02 7.459999999999986642e-01
2.457676905559999868e+06 -4.100000000000036948e-02 7.630000000000016769e-01
2.457676907380000222e+06 -3.200000000000002842e-02 7.580000000000008953e-01
2.457676909200000111e+06 -2.899999999999991473e-02 7.260000000000008669e-01
2.457676911009999923e+06 -2.000000000000667910e-03 7.380000000000013216e-01
2.457676912829999812e+06 -3.999999999999559464e-03 7.330000000000005400e-01
2.457676914890000131e+06 -3.999999999999559464e-03 7.449999999999992184e-01
2.457676925780000165e+06 3.299999999999947420e-02 7.190000000000011937e-01
2.457676927589999977e+06 2.599999999999980105e-02 7.360000000000006537e-01
2.457676929409999866e+06 1.299999999999990052e-02 7.530000000000001137e-01
2.457676931379999965e+06 2.800000000000046896e-02 7.370000000000000995e-01
2.457676933189999778e+06 3.099999999999880629e-02 7.450000000000009948e-01
2.457676935149999801e+06 3.700000000000081002e-02 7.590000000000003411e-01
2.457676936980000231e+06 2.200000000000024158e-02 7.419999999999991047e-01
2.457676939040000085e+06 3.899999999999970157e-02 7.509999999999994458e-01
2.457676943210000172e+06 6.300000000000061107e-02 7.699999999999977973e-01
2.457676945160000119e+06 4.300000000000103739e-02 7.400000000000002132e-01
2.457676946969999932e+06 4.100000000000036948e-02 7.469999999999998863e-01
2.457676949029999785e+06 4.000000000000092371e-02 7.550000000000007816e-01
2.457676951090000104e+06 4.499999999999992895e-02 7.509999999999994458e-01
2.457676953029999975e+06 3.699999999999903366e-02 7.470000000000016627e-01
2.457676954969999846e+06 4.400000000000048317e-02 7.249999999999978684e-01
2.457676956790000200e+06 3.999999999999914735e-02 7.340000000000017621e-01
2.457676966310000047e+06 3.599999999999958789e-02 7.379999999999995453e-01
2.457676968390000053e+06 2.500000000000035527e-02 7.390000000000007674e-01
2.457676972109999973e+06 2.899999999999991473e-02 7.260000000000008669e-01
2.457676973759999964e+06 4.999999999999005240e-03 7.609999999999992326e-01
2.457676989380000159e+06 -3.500000000000014211e-02 7.460000000000004405e-01
2.457676991309999954e+06 -2.599999999999980105e-02 7.370000000000000995e-01
2.457676993269999977e+06 -2.599999999999980105e-02 7.390000000000007674e-01
2.457676995209999848e+06 -3.400000000000069633e-02 7.570000000000014495e-01
2.457676997270000167e+06 -3.899999999999970157e-02 7.319999999999993179e-01
2.457676999220000114e+06 -3.500000000000014211e-02 7.430000000000003268e-01
2.457677001159999985e+06 -5.100000000000015632e-02 7.249999999999996447e-01
2.457677003229999915e+06 -5.399999999999849365e-02 7.460000000000004405e-01
2.457677005280000158e+06 -8.900000000000041211e-02 7.579999999999991189e-01
2.457677007089999970e+06 -8.600000000000029843e-02 7.290000000000009805e-01
2.457677008890000172e+06 -7.699999999999995737e-02 7.320000000000010942e-01
2.457677010790000204e+06 -9.299999999999997158e-02 7.220000000000013074e-01
2.457677012689999770e+06 -1.089999999999999858e-01 7.160000000000010800e-01
2.457677014580000192e+06 -1.020000000000003126e-01 7.319999999999993179e-01
2.457677016480000224e+06 -1.400000000000005684e-01 7.490000000000005542e-01
2.457677018519999925e+06 -1.270000000000006679e-01 7.329999999999987637e-01
2.457677020409999881e+06 -1.250000000000000000e-01 7.179999999999999716e-01
2.457677022439999972e+06 -1.600000000000001421e-01 7.440000000000015490e-01
2.457677024480000138e+06 -1.459999999999990195e-01 7.409999999999978826e-01
2.457677026389999781e+06 -1.630000000000002558e-01 7.400000000000002132e-01
2.457677028280000202e+06 -1.660000000000003695e-01 7.129999999999991900e-01
2.457677030179999769e+06 -1.660000000000003695e-01 7.250000000000014211e-01
2.457677032070000190e+06 -2.059999999999995168e-01 7.310000000000016485e-01
2.457677033960000146e+06 -1.950000000000002842e-01 7.380000000000013216e-01
2.457677035850000102e+06 -2.179999999999999716e-01 7.379999999999995453e-01
2.457677037740000058e+06 -2.290000000000009805e-01 7.290000000000009805e-01
2.457677039780000225e+06 -2.460000000000004405e-01 7.430000000000003268e-01
2.457677041660000104e+06 -2.799999999999993605e-01 7.460000000000004405e-01
2.457677043719999958e+06 -2.769999999999992468e-01 7.439999999999997726e-01
2.457677045609999914e+06 -3.150000000000012790e-01 7.620000000000004547e-01
2.457677047499999870e+06 -2.989999999999994884e-01 7.469999999999998863e-01
2.457677049399999902e+06 -3.070000000000003837e-01 7.400000000000002132e-01
2.457677051429999992e+06 -3.339999999999996305e-01 7.409999999999996589e-01
2.457677053619999904e+06 -3.429999999999999716e-01 7.400000000000002132e-01
2.457677055660000071e+06 -3.390000000000004121e-01 7.400000000000002132e-01
2.457677057560000103e+06 -3.460000000000000853e-01 7.370000000000000995e-01
2.457677059590000194e+06 -3.810000000000002274e-01 7.479999999999993321e-01
2.457677061499999836e+06 -3.659999999999996589e-01 7.389999999999989910e-01
2.457677063399999868e+06 -3.829999999999991189e-01 7.390000000000007674e-01
2.457677065309999976e+06 -3.629999999999995453e-01 7.339999999999982094e-01
2.457677067220000084e+06 -3.800000000000007816e-01 7.460000000000004405e-01
2.457677069449999835e+06 -3.600000000000012079e-01 7.410000000000014353e-01
2.457677071709999815e+06 -3.580000000000005400e-01 7.339999999999999858e-01
2.457677073869999964e+06 -3.650000000000002132e-01 7.410000000000014353e-01
2.457677076059999876e+06 -3.710000000000004405e-01 7.560000000000002274e-01
2.457677078139999881e+06 -3.450000000000006395e-01 7.330000000000005400e-01
2.457677080339999869e+06 -3.319999999999989626e-01 7.439999999999997726e-01
2.457677082489999942e+06 -3.080000000000016058e-01 7.400000000000019895e-01
2.457677084530000109e+06 -2.859999999999995879e-01 7.339999999999982094e-01
2.457677086670000106e+06 -2.919999999999998153e-01 7.369999999999983231e-01
2.457677088729999959e+06 -2.959999999999993747e-01 7.389999999999989910e-01
2.457677090880000032e+06 -2.840000000000006963e-01 7.410000000000014353e-01
2.457677093030000106e+06 -2.620000000000004547e-01 7.390000000000007674e-01
2.457677095149999950e+06 -2.439999999999997726e-01 7.349999999999994316e-01
2.457677097269999795e+06 -2.219999999999995310e-01 7.400000000000002132e-01
2.457677099270000122e+06 -2.200000000000006395e-01 7.319999999999993179e-01
2.457677101369999815e+06 -1.970000000000009521e-01 7.350000000000012079e-01
2.457677103380000219e+06 -2.040000000000006253e-01 7.360000000000006537e-01
2.457677105370000005e+06 -1.840000000000010516e-01 7.330000000000005400e-01
2.457677107330000028e+06 -1.669999999999998153e-01 7.459999999999986642e-01
2.457677109300000127e+06 -1.560000000000005826e-01 7.440000000000015490e-01
2.457677111299999990e+06 -1.630000000000002558e-01 7.350000000000012079e-01
2.457677113299999852e+06 -1.299999999999990052e-01 7.520000000000006679e-01
2.457677115300000180e+06 -1.069999999999993179e-01 7.330000000000005400e-01
2.457677117289999966e+06 -1.319999999999996732e-01 7.389999999999989910e-01
2.457677119280000217e+06 -1.189999999999997726e-01 7.320000000000010942e-01
2.457677121420000214e+06 -7.399999999999984368e-02 7.329999999999987637e-01
2.457677123420000076e+06 -8.700000000000152056e-02 7.300000000000004263e-01
2.457677125570000149e+06 -9.099999999999930367e-02 7.409999999999996589e-01
2.457677127580000088e+06 -5.799999999999982947e-02 7.509999999999994458e-01
2.457677129790000152e+06 -5.000000000000071054e-02 7.389999999999989910e-01
2.457677131839999929e+06 -4.300000000000103739e-02 7.390000000000007674e-01
2.457677133890000172e+06 -3.700000000000081002e-02 7.320000000000010942e-01
2.457677136020000093e+06 -2.399999999999913314e-02 7.360000000000006537e-01
2.457677138079999946e+06 -3.400000000000069633e-02 7.410000000000014353e-01
2.457677140170000028e+06 -2.599999999999980105e-02 7.489999999999987779e-01
2.457677142330000177e+06 9.999999999999786837e-03 7.330000000000005400e-01
2.457677144489999861e+06 3.000000000000113687e-03 7.500000000000017764e-01
2.457677146569999866e+06 2.399999999999913314e-02 7.300000000000022027e-01
2.457677153140000068e+06 5.000000000000781597e-03 7.450000000000009948e-01
2.457677155389999971e+06 1.500000000000056843e-02 7.569999999999996732e-01
2.457677703819999937e+06 2.699999999999924682e-02 7.430000000000003268e-01
2.457677706129999831e+06 1.900000000000012790e-02 7.349999999999994316e-01
2.457677708389999811e+06 1.900000000000012790e-02 7.399999999999984368e-01
2.457677710659999866e+06 9.999999999999786837e-03 7.489999999999987779e-01
2.457677712809999939e+06 1.600000000000001421e-02 7.379999999999995453e-01
2.457677715369999874e+06 -8.000000000000895284e-03 7.649999999999987921e-01
2.457677717559999786e+06 2.000000000000667910e-03 7.340000000000017621e-01
2.457677719820000231e+06 -7.000000000001449507e-03 7.380000000000013216e-01
2.457677722020000219e+06 -1.600000000000001421e-02 7.309999999999998721e-01
2.457677724340000190e+06 -2.800000000000046896e-02 7.490000000000005542e-01
2.457677726640000008e+06 -3.200000000000002842e-02 7.400000000000002132e-01
2.457677728829999920e+06 -4.099999999999859313e-02 7.389999999999989910e-01
2.457677731099999975e+06 -4.299999999999926104e-02 7.449999999999992184e-01
2.457677733550000004e+06 -5.799999999999982947e-02 7.400000000000019895e-01
2.457677735940000042e+06 -5.499999999999971578e-02 7.479999999999993321e-01
2.457677737989999820e+06 -6.099999999999994316e-02 7.379999999999995453e-01
2.457677739990000147e+06 -7.499999999999928946e-02 7.349999999999994316e-01
2.457677741979999933e+06 -7.399999999999984368e-02 7.500000000000017764e-01
2.457677744179999921e+06 -8.300000000000018474e-02 7.359999999999988773e-01
2.457677746270000003e+06 -7.399999999999984368e-02 7.439999999999997726e-01
2.457677748459999915e+06 -1.080000000000005400e-01 7.470000000000016627e-01
2.457677750649999827e+06 -1.159999999999996589e-01 7.430000000000003268e-01
2.457677752799999900e+06 -1.280000000000001137e-01 7.439999999999997726e-01
2.457677754819999915e+06 -1.449999999999995737e-01 7.530000000000001137e-01
2.457677756930000149e+06 -1.410000000000000142e-01 7.379999999999995453e-01
2.457677758930000011e+06 -1.449999999999995737e-01 7.309999999999998721e-01
2.457677760910000186e+06 -1.610000000000013642e-01 7.320000000000010942e-01
2.457677762889999896e+06 -1.760000000000001563e-01 7.279999999999997584e-01
2.457677764870000072e+06 -1.890000000000000568e-01 7.409999999999996589e-01
2.457677766989999916e+06 -1.959999999999997300e-01 7.370000000000000995e-01
2.457677768980000168e+06 -2.119999999999997442e-01 7.430000000000003268e-01
2.457677770959999878e+06 -2.220000000000013074e-01 7.450000000000009948e-01
2.457677773060000036e+06 -2.300000000000004263e-01 7.430000000000003268e-01
2.457677775129999965e+06 -2.539999999999995595e-01 7.469999999999998863e-01
2.457677777100000065e+06 -2.639999999999993463e-01 7.560000000000002274e-01
2.457677779159999918e+06 -2.650000000000005684e-01 7.430000000000003268e-01
2.457677781219999772e+06 -2.690000000000001279e-01 7.329999999999987637e-01
2.457677783290000167e+06 -2.880000000000002558e-01 7.439999999999997726e-01
2.457677785360000096e+06 -2.989999999999994884e-01 7.339999999999999858e-01
2.457677787550000008e+06 -3.029999999999990479e-01 7.319999999999993179e-01
2.457677789630000014e+06 -3.279999999999994031e-01 7.369999999999983231e-01
2.457677791720000096e+06 -3.210000000000015064e-01 7.330000000000005400e-01
2.457677793829999864e+06 -3.300000000000000711e-01 7.589999999999985647e-01
2.457677796070000157e+06 -3.559999999999998721e-01 7.339999999999999858e-01
2.457677798049999867e+06 -3.510000000000008669e-01 7.400000000000002132e-01
2.457677800280000083e+06 -3.549999999999986500e-01 7.279999999999997584e-01
2.457677802350000013e+06 -3.620000000000000995e-01 7.500000000000000000e-01
2.457677804570000153e+06 -3.499999999999996447e-01 7.210000000000000853e-01
2.457677806689999998e+06 -3.549999999999986500e-01 7.349999999999994316e-01
2.457677808780000079e+06 -3.680000000000003268e-01 7.469999999999998863e-01
2.457677810870000161e+06 -3.819999999999996732e-01 7.580000000000008953e-01
2.457677813149999827e+06 -3.680000000000003268e-01 7.490000000000005542e-01
2.457677815469999798e+06 -3.479999999999989768e-01 7.270000000000003126e-01
2.457677817749999929e+06 -3.450000000000006395e-01 7.430000000000003268e-01
2.457677819980000146e+06 -3.249999999999992895e-01 7.279999999999997584e-01
2.457677822610000148e+06 -3.250000000000010658e-01 7.440000000000015490e-01
2.457677824729999993e+06 -3.179999999999996163e-01 7.530000000000001137e-01
2.457677827730000019e+06 -3.039999999999984936e-01 7.459999999999986642e-01
2.457677829849999864e+06 -2.740000000000009095e-01 7.219999999999995310e-01
2.457677832169999834e+06 -2.859999999999995879e-01 7.509999999999994458e-01
2.457677834420000203e+06 -2.449999999999992184e-01 7.339999999999999858e-01
2.457677836509999819e+06 -2.400000000000002132e-01 7.500000000000000000e-01
2.457677838729999959e+06 -2.339999999999999858e-01 7.450000000000009948e-01
2.457677840969999786e+06 -2.130000000000009663e-01 7.320000000000010942e-01
2.457677843169999775e+06 -2.089999999999996305e-01 7.400000000000002132e-01
2.457677845420000143e+06 -1.730000000000000426e-01 7.509999999999976694e-01
2.457677847779999953e+06 -2.009999999999987352e-01 7.319999999999993179e-01
2.457677849990000017e+06 -1.760000000000001563e-01 7.530000000000001137e-01
2.457677852229999844e+06 -1.560000000000005826e-01 7.280000000000015348e-01
2.457677854420000222e+06 -1.590000000000006963e-01 7.469999999999998863e-01
2.457677856670000125e+06 -1.559999999999988063e-01 7.489999999999987779e-01
2.457677858740000054e+06 -1.449999999999995737e-01 7.439999999999997726e-01
2.457677860809999984e+06 -1.210000000000004405e-01 7.539999999999995595e-01
2.457677862879999913e+06 -1.170000000000008811e-01 7.500000000000000000e-01
2.457677865040000062e+06 -1.089999999999999858e-01 7.350000000000012079e-01
2.457677867120000068e+06 -9.900000000000019895e-02 7.510000000000012221e-01
2.457677869179999921e+06 -9.899999999999842260e-02 7.500000000000000000e-01
2.457677871230000164e+06 -8.099999999999951683e-02 7.339999999999999858e-01
2.457677873269999865e+06 -8.499999999999907629e-02 7.439999999999997726e-01
2.457677875190000050e+06 -6.000000000000049738e-02 7.420000000000008811e-01
2.457677877350000199e+06 -6.599999999999894840e-02 7.460000000000004405e-01
2.457677885180000216e+06 -4.199999999999981526e-02 7.409999999999978826e-01
2.457677889159999788e+06 -2.999999999999936051e-02 7.260000000000008669e-01
2.457677896379999816e+06 2.000000000000667910e-03 7.400000000000002132e-01
2.457677898289999925e+06 -1.399999999999934630e-02 7.549999999999990052e-01
2.457677902129999828e+06 -2.000000000000667910e-03 7.349999999999994316e-01
2.457677907870000228e+06 2.399999999999913314e-02 7.449999999999992184e-01
2.457677909779999871e+06 3.099999999999880629e-02 7.390000000000007674e-01
2.457677917460000142e+06 4.300000000000103739e-02 7.530000000000001137e-01
2.457677919379999861e+06 3.899999999999970157e-02 7.239999999999984226e-01
2.457678702049999963e+06 -8.000000000000895284e-03 7.379999999999995453e-01
2.457678703819999937e+06 -1.600000000000001421e-02 7.379999999999977689e-01
2.457678705699999817e+06 -9.000000000000341061e-03 7.279999999999997584e-01
2.457678707589999773e+06 -2.200000000000024158e-02 7.349999999999994316e-01
2.457678709470000118e+06 -2.800000000000046896e-02 7.470000000000016627e-01
2.457678711360000074e+06 -3.200000000000002842e-02 7.370000000000000995e-01
2.457678713250000030e+06 -3.899999999999970157e-02 7.409999999999996589e-01
2.457678715110000223e+06 -5.200000000000137845e-02 7.490000000000005542e-01
2.457678717009999789e+06 -6.200000000000116529e-02 7.540000000000013358e-01
2.457678718890000135e+06 -6.299999999999883471e-02 7.400000000000019895e-01
2.457678722649999894e+06 -6.500000000000127898e-02 7.590000000000003411e-01
2.457678724520000163e+06 -8.599999999999852207e-02 7.349999999999994316e-01
2.457678726400000043e+06 -9.400000000000119371e-02 7.289999999999992042e-01
2.457678728279999923e+06 -8.699999999999974420e-02 7.480000000000011084e-01
