Generated by GetData Graph Digitizer 2.22 on April 24 2017, 14:36
from file 'C:\Users\jousdon\Documents\ASTRONOMY\QW_And\use\QW And.tif'

Line #1
 3.49797979797980e+003    2.24700887279504e+000
 3.51666666666667e+003    2.10511297460983e+000
 3.53737373737374e+003    1.97954386633632e+000
 3.55505050505050e+003    1.83996675348877e+000
 3.57474747474747e+003    1.71438705715435e+000
 3.60202020202020e+003    1.61218050526227e+000
 3.63434343434343e+003    1.52633250746458e+000
 3.66919191919192e+003    1.47778095419605e+000
 3.70202020202020e+003    1.50141880016094e+000
 3.72878787878788e+003    1.59487431971709e+000
 3.74696969696970e+003    1.73715668212524e+000
 3.75757575757576e+003    1.90498274146073e+000
 3.76868686868687e+003    2.06815534802956e+000
 3.78939393939394e+003    2.17785295301019e+000
 3.82626262626263e+003    2.18056879063168e+000
 3.51919191919192e+003    2.07951633737797e+000
 3.54747474747475e+003    1.97266162674968e+000
 3.55353535353535e+003    1.91449082015120e+000
 3.53686868686869e+003    2.06339601465388e+000
 3.56262626262626e+003    1.75152997480042e+000
 3.58131313131313e+003    1.68417402536899e+000
 3.60202020202020e+003    1.54695805010270e+000
 3.55707070707071e+003    1.80737670203079e+000
 3.61565656565657e+003    1.62862905787434e+000
 3.63434343434343e+003    1.56593185524003e+000
 3.66717171717172e+003    1.49406539186413e+000
 3.60050505050505e+003    1.62381149016369e+000
 3.69545454545455e+003    1.46408000338818e+000
 3.71969696969697e+003    1.58779090697330e+000
 3.66262626262626e+003    1.53594646676408e+000
 3.64040404040404e+003    1.56832475700400e+000
 3.60656565656566e+003    1.63319251212333e+000
 3.64797979797980e+003    1.56607479406222e+000
 3.67676767676768e+003    1.46155475086293e+000
 3.73939393939394e+003    1.66719606971179e+000
 3.75808080808081e+003    1.81181309954895e+000
 3.78535353535354e+003    1.92390890032399e+000
 3.82121212121212e+003    1.95922537746437e+000
 3.71161616161616e+003    1.55742434830485e+000
 3.75757575757576e+003    1.82811341930839e+000
 3.76212121212121e+003    1.99354657687991e+000
 3.73939393939394e+003    1.68117231010313e+000
 3.76363636363636e+003    2.09605488850772e+000
 3.79848484848485e+003    2.14533701797853e+000
 3.76212121212121e+003    1.92832412172035e+000
 3.77272727272727e+003    2.34772250809987e+000
 3.79646464646465e+003    2.47608686445164e+000
 3.82070707070707e+003    2.57184528725409e+000
 3.83484848484849e+003    2.69079156343307e+000
 3.83989898989899e+003    2.84458314804227e+000
 3.84292929292929e+003    3.01232979692099e+000
 3.84949494949495e+003    3.17778413061432e+000
 3.85404040404040e+003    3.34321728818584e+000
 3.78737373737374e+003    2.19413739067827e+000
 3.78232323232323e+003    2.22902505135210e+000
 3.77272727272727e+003    2.38965122927387e+000
 3.79141414141414e+003    2.06606420600131e+000
 3.78585858585859e+003    1.90062046036889e+000
 3.79646464646465e+003    2.38291192850941e+000
 3.81565656565657e+003    2.52520487897846e+000
 3.76414141414141e+003    2.08208394214684e+000
 3.81868686868687e+003    2.22241810134892e+000
 3.82171717171717e+003    2.45305783198865e+000
 3.83888888888889e+003    2.59998835313301e+000
 3.83888888888889e+003    2.76770323782902e+000
 3.79595959595960e+003    2.33631916650785e+000
 3.80252525252525e+003    2.59494843614340e+000
 3.80656565656566e+003    2.76037629968448e+000
 3.82373737373737e+003    2.28536412341444e+000
 3.81919191919192e+003    2.44604324164073e+000
 3.82272727272727e+003    2.11297990386041e+000
 3.79292929292929e+003    2.36191050970925e+000
 3.79191919191919e+003    2.20816127734367e+000
 3.82373737373737e+003    2.03146242297186e+000
 3.82323232323232e+003    2.19917201363742e+000
 3.82777777777778e+003    1.86378989051945e+000
 3.78737373737374e+003    2.04272811977214e+000
 3.83585858585859e+003    2.50911102640662e+000
 3.83888888888889e+003    2.67685767528535e+000
 3.83636363636364e+003    2.34140143574106e+000
 3.87222222222222e+003    2.52346843699045e+000
 3.88939393939394e+003    2.65409334434492e+000
 3.89444444444444e+003    2.82186116934545e+000
 3.89343434343434e+003    2.99655358617623e+000
 3.89393939393939e+003    3.16660313830125e+000
 3.90151515151515e+003    3.32740931325837e+000
 3.91010101010101e+003    3.48589670287783e+000
 3.90909090909091e+003    3.65360099951295e+000
 3.81818181818182e+003    2.36217521123181e+000
 3.87575757575758e+003    2.55378734938483e+000
 3.87272727272727e+003    2.72147046989814e+000
 3.86767676767677e+003    2.89379116108676e+000
 3.87020202020202e+003    3.05687376913792e+000
 3.89343434343434e+003    3.18523283145925e+000
 3.87777777777778e+003    2.38609364081062e+000
 3.88131313131313e+003    2.21841581432776e+000
 3.89090909090909e+003    2.70535544120450e+000
 3.83939393939394e+003    2.55573555259090e+000
 3.87070707070707e+003    2.99631535480592e+000
 3.86818181818182e+003    3.16400376934968e+000
 3.89343434343434e+003    3.28306651419859e+000
 3.87070707070707e+003    2.82860047010990e+000
 3.89343434343434e+003    2.86610867585710e+000
 3.83434343434343e+003    3.00525167820765e+000
 3.89343434343434e+003    3.12699849649535e+000
 3.83989898989899e+003    2.98667492535417e+000
 3.84949494949495e+003    3.14983164983165e+000
 3.83838383838384e+003    2.81894415856680e+000
 3.87121212121212e+003    2.90314571289414e+000
 3.87020202020202e+003    3.07783812972492e+000
 3.86262626262626e+003    3.25479109755839e+000
 3.89494949494949e+003    3.33432861105817e+000
 3.84393939393939e+003    3.11017406772124e+000
 3.86969696969697e+003    3.08947970268725e+000
 3.85454545454545e+003    3.25470639307117e+000
 3.89090909090909e+003    3.25275818986511e+000
 3.84191919191919e+003    3.09617665120810e+000
 3.86969696969697e+003    3.10345594307858e+000
 3.85858585858586e+003    3.26639561230756e+000
 3.89494949494949e+003    3.25978866230439e+000
 3.91666666666667e+003    3.33222688096902e+000
 3.94545454545455e+003    3.43967981703831e+000
 3.96616161616162e+003    3.56801240920738e+000
 3.97626262626263e+003    3.72185693412108e+000
 3.97929292929293e+003    3.88960358299981e+000
 3.98030303030303e+003    4.05732905575673e+000
 3.98333333333333e+003    4.22274633123690e+000
 3.98838383838384e+003    4.38585540944032e+000
 3.99292929292929e+003    4.55128856701184e+000
 3.99797979797980e+003    4.71672701861381e+000
 4.00707070707071e+003    4.87754907566228e+000
 4.02575757575758e+003    5.01983673210088e+000
 3.89292929292929e+003    3.20619189801580e+000
 3.94191919191919e+003    3.21369353916524e+000
 3.95959595959596e+003    3.08343391991191e+000
 3.96565656565657e+003    2.93441755076975e+000
 3.96565656565657e+003    2.77136141287085e+000
 3.96363636363636e+003    2.60362535205303e+000
 3.96060606060606e+003    2.43587870317430e+000
 3.92777777777778e+003    3.19491031912415e+000
 3.96414141414141e+003    3.19296211591809e+000
 3.94292929292929e+003    3.34880778434237e+000
 3.94292929292929e+003    3.51652266903839e+000
 3.92373737373737e+003    3.02948245558308e+000
 3.92727272727273e+003    2.86180462910023e+000
 3.91464646464646e+003    3.35084069203566e+000
 3.91363636363636e+003    3.69091862016390e+000
 3.94595959595960e+003    3.76579738686657e+000
 3.97828282828283e+003    3.84533490036635e+000
 3.90909090909091e+003    3.52548546259238e+000
 3.94444444444444e+003    3.60272536687631e+000
 3.96616161616162e+003    3.47017872646803e+000
 3.97020202020202e+003    3.31881180780552e+000
 3.95101010101010e+003    3.17651885733647e+000
 3.93787878787879e+003    3.71679584100968e+000
 3.97171717171717e+003    3.65192808589035e+000
 3.90707070707071e+003    3.62562734260847e+000
 3.94343434343434e+003    3.55146856404718e+000
 3.97070707070707e+003    3.29785274124897e+000
 3.97020202020202e+003    3.46556233191453e+000
 3.95000000000000e+003    3.16020265548567e+000
 3.94040404040404e+003    3.38838066196557e+000
 3.96868686868687e+003    3.14642229422104e+000
 3.96767676767677e+003    2.97869682146412e+000
 3.94595959595960e+003    3.27662897316985e+000
 3.95000000000000e+003    3.00413463778244e+000
 3.92323232323232e+003    2.88971475763929e+000
 3.93232323232323e+003    3.12973551023865e+000
 3.96363636363636e+003    2.78298710374182e+000
 3.96868686868687e+003    2.94842555534379e+000
 3.96414141414141e+003    2.61527751307626e+000
 3.95000000000000e+003    2.93891218262287e+000
 3.92979797979798e+003    2.84086673866548e+000
 3.97070707070707e+003    3.27688838066197e+000
 3.97020202020202e+003    3.44459797132753e+000
 3.94949494949495e+003    3.13923300086822e+000
 3.94090909090909e+003    3.37440971560468e+000
 3.96010101010101e+003    2.37065095398429e+000
 3.96262626262626e+003    2.53839230883256e+000
 4.01818181818182e+003    4.98947546746289e+000
 4.04595959595960e+003    5.09691781547127e+000
 4.00707070707071e+003    4.82863223429261e+000
 4.05252525252525e+003    4.93625987336679e+000
 4.06666666666667e+003    4.79664570230608e+000
 4.07272727272727e+003    4.62433559917837e+000
 4.07474747474747e+003    4.44732439700993e+000
 4.07424242424242e+003    4.27261609808780e+000
 4.08131313131313e+003    4.11662219681088e+000
 4.10858585858586e+003    4.00742752472312e+000
 4.05101010101010e+003    5.06203015479745e+000
 3.99545454545455e+003    4.73999428244711e+000
 4.00959595959596e+003    4.89388115960443e+000
 3.99141414141414e+003    4.57223704550749e+000
 3.99848484848485e+003    4.65849797768037e+000
 3.99090909090909e+003    4.49536242932469e+000
 3.99545454545455e+003    4.61420811892510e+000
 4.00303030303030e+003    4.77734366728077e+000
 3.99090909090909e+003    4.44877496135358e+000
 3.99090909090909e+003    4.53030303030303e+000
 4.00050505050505e+003    4.69113038138195e+000
 3.99040404040404e+003    4.36258285157656e+000
 3.97727272727273e+003    4.21569468267582e+000
 3.98080808080808e+003    4.13187429854096e+000
 3.98383838383838e+003    4.29962094741969e+000
 3.97979797979798e+003    3.96414882578405e+000
 4.06565656565657e+003    4.72209516549139e+000
 4.07424242424242e+003    4.55912902611016e+000
 4.05606060606061e+003    4.88505071681172e+000
 4.07727272727273e+003    4.44735086716219e+000
 4.06767676767677e+003    4.60797704508396e+000
 4.07777777777778e+003    4.27964127649662e+000
 4.11111111111111e+003    4.38248311204286e+000
 4.08787878787879e+003    3.88142430595261e+000
 4.08232323232323e+003    4.04675158291511e+000
 4.09797979797980e+003    3.72080342206128e+000
 4.09797979797980e+003    3.55541791076382e+000
 4.09545454545455e+003    3.38767655591555e+000
 4.09393939393939e+003    3.21994578912818e+000
 4.09292929292929e+003    3.05222031637126e+000
 4.10656565656566e+003    4.02371196239121e+000
 4.09292929292929e+003    3.56701183745209e+000
 4.09595959595960e+003    3.73475848633081e+000
 4.09494949494949e+003    3.39931812887788e+000
 4.09696969696970e+003    3.75340406158016e+000
 4.10707070707071e+003    3.91423670668954e+000
 4.09242424242424e+003    3.58797090400864e+000
 4.08636363636364e+003    3.91401965144104e+000
 4.09343434343434e+003    3.27351608326451e+000
 4.09595959595960e+003    3.44125743811278e+000
 4.09494949494949e+003    3.10581708065985e+000
 4.12272727272727e+003    4.55264913283781e+000
 4.15858585858586e+003    4.52740190161574e+000
 4.11363636363636e+003    4.38949770239078e+000
 4.14090909090909e+003    4.61806217309362e+000
 4.16313131313131e+003    4.48552082671579e+000
 4.12070707070707e+003    4.47808800796222e+000
 4.16363636363636e+003    4.40632742519535e+000
 4.19696969696970e+003    4.33912500264701e+000
 4.22575757575758e+003    4.24858119983906e+000
 4.25252525252525e+003    4.15102810071364e+000
 4.27272727272727e+003    4.02545369840967e+000
 4.28939393939394e+003    3.87887787730555e+000
 4.30353535353535e+003    3.72528746585350e+000
 4.31262626262626e+003    3.56698536729983e+000
 4.31818181818182e+003    3.40398746373589e+000
 4.32525252525253e+003    3.24333481566186e+000
 4.33080808080808e+003    3.08266628549647e+000
 4.33333333333333e+003    2.91730724435127e+000
 4.33333333333333e+003    2.74959235965525e+000
 4.33131313131313e+003    2.58185629883743e+000
 4.12777777777778e+003    4.43390402981598e+000
 4.15101010101010e+003    4.56226309213731e+000
 4.20505050505051e+003    4.33455096033712e+000
 4.22373737373737e+003    4.19265506215192e+000
 4.16868686868687e+003    4.34115791034030e+000
 4.23636363636364e+003    4.17881117252186e+000
 4.27121212121212e+003    4.12793024585477e+000
 4.28434343434343e+003    3.97199987294327e+000
 4.20959595959596e+003    4.29266988543718e+000
 4.25707070707071e+003    4.16039324058192e+000
 4.27979797979798e+003    4.03018656163310e+000
 4.22121212121212e+003    4.18796984520255e+000
 4.29646464646465e+003    3.74850708341274e+000
 4.31666666666667e+003    3.60895644071745e+000
 4.28383838383838e+003    3.90677212375326e+000
 4.29141414141414e+003    3.79970035787646e+000
 4.31313131313131e+003    3.66482434406963e+000
 4.33181818181818e+003    3.06637125976749e+000
 4.32171717171717e+003    3.22699214365881e+000
 4.33383838383838e+003    2.89867755119327e+000
 4.34595959595960e+003    3.22258751032336e+000
 4.34898989898990e+003    3.39033415920208e+000
 4.34797979797980e+003    3.56735594943142e+000
 4.35252525252525e+003    3.73511848040150e+000
 4.37020202020202e+003    3.85410181479364e+000
 4.40000000000000e+003    3.90333100395994e+000
 4.43585858585859e+003    3.90836562691909e+000
 4.47171717171717e+003    3.89476526268979e+000
 4.50404040404040e+003    3.85550473286322e+000
 4.53535353535354e+003    3.81390424157720e+000
 4.56818181818182e+003    3.80260148656375e+000
 4.60252525252525e+003    3.81460834762722e+000
 4.63838383838384e+003    3.82896046418059e+000
 4.67474747474747e+003    3.82701226097453e+000
 4.71060606060606e+003    3.81108252334667e+000
 4.74696969696970e+003    3.79515807974928e+000
 4.78181818181818e+003    3.75825339347352e+000
 4.80959595959596e+003    3.67002837600322e+000
 4.82777777777778e+003    3.53511530398323e+000
 4.83636363636364e+003    3.37447853800055e+000
 4.83838383838384e+003    3.20445545602778e+000
 4.83888888888889e+003    3.03674586536222e+000
 4.84292929292929e+003    2.87606145310548e+000
 4.85353535353535e+003    2.71544586324461e+000
 4.85252525252525e+003    2.54772039048769e+000
 4.33282828282828e+003    2.98252440548038e+000
 4.33484848484849e+003    3.15026046629820e+000
 4.33131313131313e+003    2.81479363869301e+000
 4.33333333333333e+003    2.73095737246681e+000
 4.33181818181818e+003    2.56322660567944e+000
 4.33181818181818e+003    2.62379031404189e+000
 4.33181818181818e+003    2.79150519873790e+000
 4.46262626262626e+003    3.84808250217055e+000
 4.49494949494949e+003    3.92762001567033e+000
 4.42878787878788e+003    3.91295025728988e+000
 4.42777777777778e+003    3.89663405543909e+000
 4.39141414141414e+003    3.90324100544226e+000
 4.35707070707071e+003    3.82601168921924e+000
 4.37777777777778e+003    3.88213370603308e+000
 4.41414141414141e+003    3.87552675602990e+000
 4.35151515151515e+003    3.76538974652182e+000
 4.36818181818182e+003    3.88436249285306e+000
 4.40454545454545e+003    3.89871990343688e+000
 4.35000000000000e+003    3.73975075704635e+000
 4.60202020202020e+003    3.83556741418377e+000
 4.56818181818182e+003    3.77697837917964e+000
 4.54494949494949e+003    3.71617114541643e+000
 4.57878787878788e+003    3.78174830061623e+000
 4.51666666666667e+003    3.82069648264617e+000
 4.55909090909091e+003    3.87238739597230e+000
 4.50404040404040e+003    3.92072718802279e+000
 4.52878787878788e+003    3.79985917879000e+000
 4.47070707070707e+003    3.85282595345488e+000
 4.60555555555556e+003    3.82861635220126e+000
 4.64191919191919e+003    3.82433877559664e+000
 4.57121212121212e+003    3.77235139656523e+000
 4.62222222222222e+003    3.83577917540182e+000
 4.65808080808081e+003    3.80121445058552e+000
 4.58585858585859e+003    3.81676301802088e+000
 4.66565656565657e+003    3.80362323444084e+000
 4.70151515151515e+003    3.78536412341444e+000
 4.62979797979798e+003    3.82654109226436e+000
 4.71969696969697e+003    3.80186032230057e+000
 4.75252525252525e+003    3.72999385892468e+000
 4.68333333333333e+003    3.81312601910086e+000
 4.74494949494949e+003    3.75320818245347e+000
 4.78080808080808e+003    3.77454841920251e+000
 4.71212121212121e+003    3.82507464582936e+000
 4.78636363636364e+003    3.77926540033458e+000
 4.81515151515152e+003    3.67707473053385e+000
 4.75252525252525e+003    3.71368824513479e+000
 4.87070707070707e+003    3.26069923554200e+000
 4.87070707070707e+003    3.42841412023802e+000
 4.88282828282828e+003    3.58926794146920e+000
 4.90606060606061e+003    3.71529763039197e+000
 4.93737373737374e+003    3.77153082184529e+000
 4.97171717171717e+003    3.77189081591597e+000
 5.00454545454545e+003    3.77922304809097e+000
 5.03686868686869e+003    3.82381996061241e+000
 5.07070707070707e+003    3.88240899561654e+000
 5.10555555555556e+003    3.91305613789891e+000
 5.14090909090909e+003    3.89945047963916e+000
 5.17575757575758e+003    3.88118078055185e+000
 5.20959595959596e+003    3.92579357516464e+000
 5.24444444444444e+003    3.96342883764267e+000
 5.27929292929293e+003    3.97777036613515e+000
 5.31363636363636e+003    3.99210660059717e+000
 5.34797979797980e+003    4.00644283505919e+000
 5.38181818181818e+003    4.03940876267920e+000
 5.41262626262626e+003    4.12824788768185e+000
 4.86313131313131e+003    3.09756368718633e+000
 4.84292929292929e+003    2.95758952205493e+000
 4.83434343434343e+003    3.26031806534951e+000
 4.85252525252525e+003    2.77366961014760e+000
 4.85404040404040e+003    2.94140037693497e+000
 4.85404040404040e+003    2.60597060754293e+000
 4.85858585858586e+003    2.90417804883214e+000
 4.86262626262626e+003    3.07193528577176e+000
 4.85101010101010e+003    2.73871312707791e+000
 4.93686868686869e+003    3.79947800859751e+000
 4.90404040404040e+003    3.70362958727739e+000
 4.88131313131313e+003    3.57294644558795e+000
 4.89696969696970e+003    3.69190860385829e+000
 4.92878787878788e+003    3.77144082332762e+000
 4.88080808080808e+003    3.54032992397772e+000
 4.91818181818182e+003    3.68281345954302e+000
 4.94141414141414e+003    3.81350189526290e+000
 4.88484848484849e+003    3.61724159837367e+000
 4.99040404040404e+003    3.79072168223112e+000
 5.02626262626263e+003    3.82603815937149e+000
 4.95505050505051e+003    3.83227982127353e+000
 5.00454545454545e+003    3.73729432691697e+000
 4.97121212121212e+003    3.80682612286386e+000
 4.92474747474747e+003    3.72714037651145e+000
 5.09494949494949e+003    3.90362746966521e+000
 5.13080808080808e+003    3.87139211824746e+000
 5.05909090909091e+003    3.87762848611905e+000
 5.06262626262626e+003    3.82874870296254e+000
 5.07525252525252e+003    3.88711538868772e+000
 5.10909090909091e+003    3.95036317048896e+000
 5.04040404040404e+003    3.83783325921691e+000
 5.05404040404040e+003    3.87990491921309e+000
 5.08989898989899e+003    3.90357452936069e+000
 5.02020202020202e+003    3.81432776401330e+000
 5.15656565656566e+003    3.77848717785825e+000
 5.18838383838384e+003    3.86034877072613e+000
 5.13131313131313e+003    3.89702051966203e+000
 5.16060606060606e+003    3.78085890350041e+000
 5.09747474747475e+003    3.92228892700591e+000
 5.06212121212121e+003    3.87300150350465e+000
 5.09797979797980e+003    3.90831798064503e+000
 5.11363636363636e+003    3.94342269656735e+000
 5.14898989898990e+003    3.90186455752494e+000
 5.07878787878788e+003    3.89646994049510e+000
 5.16010101010101e+003    3.76454799568007e+000
 5.13434343434343e+003    3.88307604345340e+000
 5.18030303030303e+003    3.83464095885479e+000
 5.21262626262626e+003    3.91417847235457e+000
 5.15757575757576e+003    3.70162844376681e+000
 5.51010101010101e+003    4.05007094000805e+000
 5.54444444444444e+003    4.09003028185418e+000
 5.57676767676768e+003    4.05309912542617e+000
 5.61111111111111e+003    4.01851851851852e+000
 5.64696969696970e+003    4.00491815428922e+000
 5.68333333333333e+003    4.01228744467738e+000
 5.71868686868687e+003    4.01032865341041e+000
 5.75303030303030e+003    3.98972428689410e+000
 5.78838383838384e+003    3.96680113504013e+000
 5.82424242424242e+003    3.93922453041950e+000
 5.85909090909091e+003    3.90697859094086e+000
 5.89343434343434e+003    3.88404485102598e+000
 5.92777777777778e+003    3.85878173771255e+000
 5.96212121212121e+003    3.82885987760202e+000
 5.99747474747475e+003    3.79428985875527e+000
 6.03333333333333e+003    3.75506638714186e+000
 6.06868686868687e+003    3.70884950130233e+000
 6.10303030303030e+003    3.66262202740190e+000
 6.13838383838384e+003    3.62572263515660e+000
 6.17424242424242e+003    3.58882853694174e+000
 6.20909090909091e+003    3.54493573047032e+000
 6.24393939393939e+003    3.51036041759312e+000
 6.27929292929293e+003    3.47811977214493e+000
 6.31414141414141e+003    3.44121508586917e+000
 6.34848484848485e+003    3.40197573216441e+000
 6.38383838383838e+003    3.36507633991911e+000
 6.41919191919192e+003    3.33050632107236e+000
 6.45555555555556e+003    3.29827626368507e+000
 6.49242424242424e+003    3.25673400673401e+000
 6.52171717171717e+003    3.17784236494928e+000
 6.53737373737374e+003    3.04989094297270e+000
 6.54343434343434e+003    2.88689833343921e+000
 6.54898989898990e+003    2.72157105647672e+000
 5.47424242424242e+003    4.07764754462868e+000
 5.43989898989899e+003    4.02371196239121e+000
 5.46212121212121e+003    4.07519111449929e+000
 5.49797979797980e+003    4.04994388327722e+000
 5.42878787878788e+003    4.00496050653283e+000
 5.43131313131313e+003    4.03061008406920e+000
 5.46616161616162e+003    4.08222158693857e+000
 5.40050505050505e+003    4.11647396395824e+000
 5.41767676767677e+003    4.05609025263113e+000
 5.45353535353535e+003    4.08208923617729e+000
 5.40050505050505e+003    4.20499015310336e+000
 5.40909090909091e+003    4.13985769646147e+000
 5.43737373737374e+003    4.03300298583317e+000
 5.35303030303030e+003    4.02280138915359e+000
 5.38888888888889e+003    4.05811786629397e+000
 5.31919191919192e+003    3.95722423395379e+000
 5.34141414141414e+003    4.03665586684455e+000
 5.37777777777778e+003    4.04169578383415e+000
 5.30707070707071e+003    3.98039091120852e+000
 5.29545454545455e+003    4.04549160366770e+000
 5.32777777777778e+003    3.96896109946424e+000
 5.27020202020202e+003    3.92409948542024e+000
 5.29090909090909e+003    4.03379709040086e+000
 5.32373737373737e+003    3.96426000042352e+000
 5.26767676767677e+003    3.90310865468098e+000
 5.28585858585859e+003    4.02442665650213e+000
 5.25606060606061e+003    3.92860999936472e+000
 5.25909090909091e+003    3.83779620100375e+000
 5.22979797979798e+003    3.93765220337547e+000
 5.24090909090909e+003    4.00532050060352e+000
 5.27121212121212e+003    3.91246320648836e+000
 5.61363636363636e+003    4.03485060246067e+000
 5.64898989898990e+003    3.99096309001969e+000
 5.57828282828283e+003    3.99488067255363e+000
 5.62777777777778e+003    4.08624505008153e+000
 5.65808080808081e+003    3.99571712936493e+000
 5.59545454545455e+003    4.01136628337886e+000
 5.62272727272727e+003    4.08619210977702e+000
 5.65303030303030e+003    3.99566418906042e+000
 5.59040404040404e+003    4.00898396967579e+000
 5.51363636363636e+003    4.04777862482265e+000
 5.54949494949495e+003    4.08309510196303e+000
 5.47878787878788e+003    4.09633017809118e+000
 5.48181818181818e+003    4.09170319547678e+000
 5.51616161616162e+003    4.03382885458357e+000
 5.44696969696970e+003    4.04475043940453e+000
 5.52272727272727e+003    4.03855642377655e+000
 5.55808080808081e+003    4.08318510048070e+000
 5.48787878787879e+003    4.08943735044364e+000
 5.68585858585859e+003    3.99134955424264e+000
 5.72171717171717e+003    4.01501916439023e+000
 5.61969696969697e+003    4.08616034559431e+000
 5.58737373737374e+003    4.00662283209453e+000
 5.74494949494949e+003    4.01992143658810e+000
 5.77828282828283e+003    3.95038964064121e+000
 5.70858585858586e+003    4.02186963979417e+000
 5.72272727272727e+003    3.99639476526269e+000
 5.75909090909091e+003    3.98512906846240e+000
 5.72727272727273e+003    3.97314867755119e+000
 5.76363636363636e+003    3.97818859454080e+000
 5.69090909090909e+003    3.98441437435148e+000
 5.70050505050505e+003    3.98451496093006e+000
 5.73636363636364e+003    4.00818457107765e+000
 5.66464646464646e+003    4.01675031234780e+000
 5.67373737373737e+003    3.99821061770747e+000
 5.63939393939394e+003    4.05142621180357e+000
 5.79090909090909e+003    3.95052199140249e+000
 5.82727272727273e+003    3.95323253499354e+000
 5.75555555555556e+003    3.99208013044491e+000
 5.81969696969697e+003    3.94383563094255e+000
 5.85454545454545e+003    3.89295470427546e+000
 5.78383838383838e+003    3.96209474196896e+000
 5.83181818181818e+003    3.96259767486183e+000
 5.86767676767677e+003    3.93269169684264e+000
 5.79545454545455e+003    3.94591089087944e+000
 5.81262626262626e+003    3.93211464752345e+000
 5.84747474747475e+003    3.88822184105203e+000
 5.86969696969697e+003    3.82789107002943e+000
 5.88686868686869e+003    3.68132054295576e+000
 5.86565656565657e+003    3.99556360248184e+000
 5.90555555555556e+003    3.85621942697414e+000
 5.83888888888889e+003    3.91841369671558e+000
 5.90404040404040e+003    3.83989793109290e+000
 5.88787878787879e+003    3.66735489062533e+000
 5.90000000000000e+003    3.82587933845795e+000
 5.86919191919192e+003    3.81158016220909e+000
 5.88535353535354e+003    3.65801092687885e+000
 5.89646464646465e+003    3.81885416004913e+000
 5.86969696969697e+003    3.79993858924677e+000
 5.88333333333333e+003    3.64168413696716e+000
 5.89444444444444e+003    3.80019799673888e+000
 5.92373737373737e+003    3.87504499925884e+000
 5.95808080808081e+003    3.82415877856129e+000
 5.93131313131313e+003    3.88677127670838e+000
 5.96414141414141e+003    3.81723418673104e+000
 5.89696969696970e+003    3.83283569447091e+000
 5.99040404040404e+003    3.80819198272028e+000
 6.02525252525252e+003    3.76429917624886e+000
 5.95454545454545e+003    3.83110984054380e+000
 5.98181818181818e+003    3.81741947779684e+000
 6.01666666666667e+003    3.76886792452830e+000
 5.94646464646465e+003    3.86130699023781e+000
 6.06262626262626e+003    3.73440908032103e+000
 6.09696969696970e+003    3.68352285962349e+000
 6.07727272727273e+003    3.75086822099401e+000
 6.10606060606061e+003    3.64867755119327e+000
 6.04090909090909e+003    3.73651081041018e+000
 6.12121212121212e+003    3.63486013171548e+000
 6.15505050505051e+003    3.57232174999471e+000
 6.19141414141414e+003    3.58202041378142e+000
 6.08888888888889e+003    3.71372000931749e+000
 6.14090909090909e+003    3.62807847870741e+000
 6.17070707070707e+003    3.60509709251848e+000
 6.20606060606061e+003    3.56120958007750e+000
 6.13484848484849e+003    3.63267369713911e+000
 6.16717171717172e+003    3.60971878110243e+000
 6.20252525252525e+003    3.56816064206001e+000
 6.13080808080808e+003    3.62797259809838e+000
 6.18585858585859e+003    3.58429155284501e+000
 6.22020202020202e+003    3.52641721195180e+000
 6.15050505050505e+003    3.54432162293798e+000
 6.21363636363636e+003    3.54731275014294e+000
 6.24747474747475e+003    3.48710374182072e+000
 6.17878787878788e+003    3.59586430341147e+000
 6.23585858585859e+003    3.46834699193190e+000
 6.27070707070707e+003    3.51762912140271e+000
 6.25000000000000e+003    3.50809457255998e+000
 6.28484848484848e+003    3.45954301929145e+000
 6.26414141414141e+003    3.51756029900684e+000
 6.29595959595960e+003    3.43636575397582e+000
 6.22828282828283e+003    3.48224382186646e+000
 6.33333333333333e+003    3.41812252504076e+000
 6.31262626262626e+003    3.45517544416915e+000
 6.34545454545455e+003    3.38097960739470e+000
 6.27727272727273e+003    3.49207483641446e+000
 6.37979797979798e+003    3.37202210787116e+000
 6.35858585858586e+003    3.37878787878788e+000
 6.39444444444444e+003    3.34422315397158e+000
 6.32575757575758e+003    3.44832496876522e+000
 6.38737373737374e+003    3.37443089172649e+000
 6.42222222222222e+003    3.32587933845796e+000
 6.35101010101010e+003    3.38802596192533e+000
 6.41262626262626e+003    3.32577875187938e+000
 6.44696969696970e+003    3.26790441098617e+000
 6.37878787878788e+003    3.38365838680304e+000
 6.40909090909091e+003    3.31875357347055e+000
 6.44393939393939e+003    3.27020202020202e+000
 6.37525252525252e+003    3.38362132858988e+000
 6.47272727272727e+003    3.31942062130741e+000
 6.50707070707071e+003    3.26620502721132e+000
 6.43787878787879e+003    3.27013849183660e+000
 6.47929292929293e+003    3.31716007030472e+000
 6.51515151515152e+003    3.24532537111153e+000
 6.53686868686869e+003    3.11277873070326e+000
 6.47929292929293e+003    3.27756072252928e+000
 6.54242424242424e+003    2.94512208034221e+000
 6.57121212121212e+003    3.06189251000572e+000
 6.54191919191919e+003    3.07556169663088e+000
 6.56515151515152e+003    2.94536031171251e+000
 6.52171717171717e+003    3.21511233932618e+000
 6.57575757575758e+003    3.13880947843212e+000
 6.54292929292929e+003    2.90785739999576e+000
 6.54848484848485e+003    2.74020074963471e+000
 6.56565656565657e+003    3.03155242148953e+000
 6.54595959595960e+003    2.76113864006946e+000
 6.56515151515152e+003    2.90343159053851e+000
 6.54191919191919e+003    2.92881117252186e+000
 6.55050505050505e+003    2.70994007157529e+000
 6.56363636363636e+003    2.86614573407026e+000
 6.54292929292929e+003    2.87291679901743e+000
 6.55202020202020e+003    2.67035660589120e+000
 6.54797979797980e+003    2.83802913834360e+000
 6.55909090909091e+003    2.70071257649874e+000
 6.54292929292929e+003    2.85195243843043e+000
 6.56414141414141e+003    2.88012726849205e+000
 6.56666666666667e+003    3.04786862334032e+000
 6.54090909090909e+003    3.01032865341041e+000
 6.56464646464646e+003    2.91973191029795e+000
 6.56919191919192e+003    3.08516506786947e+000
 6.54646464646465e+003    2.77279080109269e+000
 6.54191919191919e+003    3.04993858924677e+000
 6.58636363636364e+003    3.19249624123838e+000
 6.61767676767677e+003    3.27668191347437e+000
 6.65252525252525e+003    3.26772970798128e+000
 6.68838383838384e+003    3.24481185015776e+000
 6.72424242424242e+003    3.24518772631980e+000
 6.75959595959596e+003    3.25254642864706e+000
 6.79393939393939e+003    3.23660080892785e+000
 6.82828282828283e+003    3.21832581581009e+000
 6.86212121212121e+003    3.24197424983588e+000
 6.89494949494949e+003    3.26328272240222e+000
 6.92777777777778e+003    3.19374563242488e+000
 6.59494949494949e+003    3.22752684073439e+000
 6.63080808080808e+003    3.25119645088199e+000
 6.57070707070707e+003    3.10148656375072e+000
 6.65555555555556e+003    3.26077335196832e+000
 6.69040404040404e+003    3.20989242530123e+000
 6.69545454545455e+003    3.23789784638841e+000
 6.73131313131313e+003    3.25923808313745e+000
 6.65909090909091e+003    3.25615166338437e+000
 6.79292929292929e+003    3.27386019524384e+000
 6.82575757575758e+003    3.20199373186795e+000
 6.75757575757576e+003    3.23621963873536e+000
 6.86010101010101e+003    3.19769497914152e+000
 6.79040404040404e+003    3.27616309849014e+000
 6.84949494949495e+003    3.23252440548038e+000
 6.88484848484849e+003    3.26783558859031e+000
 6.81363636363636e+003    3.21118416873134e+000
 6.87373737373737e+003    3.23044914554348e+000
 6.91010101010101e+003    3.24480655612731e+000
 6.83737373737374e+003    3.21842110835822e+000
 6.92272727272727e+003    3.22397454630159e+000
 6.88686868686869e+003    3.24922177752366e+000
 6.94090909090909e+003    3.24047074518773e+000
 6.93636363636364e+003    3.15656565656566e+000
 6.93181818181818e+003    3.15651801029160e+000
 6.93181818181818e+003    3.19844673146560e+000
 6.92727272727273e+003    3.17743472460454e+000
 6.86818181818182e+003    3.11392224128073e+000
 6.85909090909091e+003    3.15575566990661e+000
 6.86363636363636e+003    3.17676767676768e+000
 6.86818181818182e+003    3.17681532304174e+000
 6.83636363636364e+003    3.26033924147132e+000
 6.85909090909091e+003    3.26057747284162e+000
 6.82727272727273e+003    3.15542214598818e+000
 6.79090909090909e+003    3.30179149990471e+000
 6.87727272727273e+003    3.28173241852487e+000
 6.91818181818182e+003    3.30312559557843e+000
 6.94545454545455e+003    3.28244711263579e+000
 6.72727272727273e+003    3.28016009148085e+000
 6.65454545454546e+003    3.30036211168287e+000
 6.60909090909091e+003    3.32085000952925e+000
 6.59545454545455e+003    3.27877834953307e+000
 6.59090909090909e+003    3.21583762149800e+000
 6.68636363636364e+003    3.17490947207928e+000
 6.46818181818182e+003    3.36130169620736e+000
 6.42272727272727e+003    3.38178959405375e+000
 6.37727272727273e+003    3.40227749190013e+000
 6.25000000000000e+003    3.58962264150943e+000
 6.25000000000000e+003    3.56865828092243e+000
 6.17272727272727e+003    3.65170573661140e+000
 6.16363636363636e+003    3.67257480465028e+000
 6.05454545454545e+003    3.79721745759482e+000
 6.02272727272727e+003    3.79688393367639e+000
 5.98636363636364e+003    3.85939584524490e+000
 5.93181818181818e+003    3.90075281113017e+000
 5.88636363636364e+003    3.58581093958452e+000
 5.62727272727273e+003    4.14913283781208e+000
 5.62272727272727e+003    4.12812083095102e+000
 5.55000000000000e+003    4.12735849056604e+000
 5.49090909090909e+003    4.12673908900324e+000
 5.45454545454545e+003    4.14732227939775e+000
 5.34545454545455e+003    4.08328568705927e+000
 5.29545454545455e+003    4.08276157804460e+000
 4.89545454545455e+003    3.76410329712217e+000
 4.93181818181818e+003    3.84834190966266e+000
 4.78636363636364e+003    3.82585286830570e+000
 4.73636363636364e+003    3.84629311987803e+000
 4.70454545454545e+003    3.84595959595960e+000
 4.67727272727273e+003    3.84567371831523e+000
 4.70000000000000e+003    3.74109014675052e+000
 4.66363636363636e+003    3.76167333714504e+000
 4.50000000000000e+003    3.96960167714885e+000
 4.54090909090909e+003    3.67652944539737e+000
 4.43181818181818e+003    3.92695826186392e+000
 4.39545454545455e+003    3.94754145225843e+000
 4.36818181818182e+003    3.92629121402706e+000
 4.22272727272727e+003    4.13441013912712e+000
 4.13636363636364e+003    4.63664951400801e+000
 3.90909090909091e+003    3.69087097388984e+000
 3.79545454545455e+003    2.59953306651420e+000
 3.79545454545455e+003    2.55760434534019e+000
 3.76363636363636e+003    1.71869639794168e+000
 3.74090909090909e+003    1.57170764246236e+000
 3.69545454545455e+003    1.44544501619973e+000
 3.50909090909091e+003    2.05145797598628e+000
 3.50000000000000e+003    2.13522012578616e+000
 4.11363636363636e+003    4.32194587383267e+000
 4.10909090909091e+003    4.23804078521060e+000
 4.10909090909091e+003    4.15418334286259e+000
 4.11363636363636e+003    4.09133790737564e+000
 4.85454545454545e+003    2.50581284543549e+000
 4.85454545454545e+003    2.48484848484848e+000
 4.85000000000000e+003    2.46383647798742e+000
 5.20454545454545e+003    3.99795121021536e+000
 5.21818181818182e+003    3.83037926434153e+000
 5.22727272727273e+003    3.85143891747665e+000
 5.83181818181818e+003    3.98356203544883e+000
 5.80909090909091e+003    3.87850200114351e+000
 5.77272727272727e+003    3.89908519153802e+000
