#Generated by GetData Graph Digitizer 2.22 on April 24 2017, 10:15
#from file 'C:\Users\jousdon\Documents\ASTRONOMY\QW_And\use\QW And.tif'
 3.50357008643367e+003    2.29522497704316e+000
 3.52261054741325e+003    2.15518824609734e+000
 3.54365526744332e+003    2.02892561983471e+000
 3.56119253413504e+003    1.89118457300276e+000
 3.57923086558938e+003    1.75803489439853e+000
 3.60578729800827e+003    1.65472910927456e+000
 3.63835650757860e+003    1.59274563820018e+000
 3.67343104096204e+003    1.55142332415060e+000
 3.70750344482024e+003    1.49862258953168e+000
 3.78867593636478e+003    2.21487603305785e+000
 3.77965677063761e+003    2.37786960514233e+000
 3.80170362019291e+003    2.47199265381084e+000
 3.83778028310159e+003    2.52020202020202e+000
 3.87285481648503e+003    2.56841138659320e+000
 3.89540273080296e+003    2.67171717171717e+000
 3.90141550795440e+003    2.82552800734619e+000
 3.90041337842916e+003    2.99540863177227e+000
 3.90041337842916e+003    3.16299357208448e+000
 3.90792934986847e+003    3.32369146005510e+000
 3.91644745083302e+003    3.47979797979798e+000
 3.91544532130778e+003    3.64508723599633e+000
 3.79869723161719e+003    2.05647382920110e+000
 3.80420894400601e+003    2.36409550045914e+000
 3.80320681448077e+003    2.52938475665748e+000
 3.77113866967306e+003    2.07254361799816e+000
 3.76412376299637e+003    1.90955004591368e+000
 3.75560566203182e+003    1.74885215794307e+000
 3.73806839534010e+003    1.61340679522498e+000
 3.70750344482024e+003    1.51928374655647e+000
 3.82475259927346e+003    2.21258034894398e+000
 3.84329199549042e+003    2.35261707988981e+000
 3.87886759363648e+003    2.37098255280073e+000
 3.87485907553551e+003    3.16528925619835e+000
 3.89991231366654e+003    3.28236914600551e+000
 3.84629838406614e+003    3.06427915518825e+000
 3.84279093072780e+003    2.90817263544536e+000
 3.84679944882876e+003    2.73370064279155e+000
 3.84329199549042e+003    2.56841138659320e+000
 3.89991231366654e+003    3.04591368227732e+000
 3.85882500313165e+003    3.31450872359963e+000
 3.87786546411124e+003    3.00000000000000e+000
 3.87686333458600e+003    2.83471074380165e+000
 3.88538143555054e+003    2.67401285583104e+000
 3.83076537642490e+003    2.04729109274564e+000
 3.83026431166228e+003    2.21258034894398e+000
 3.83477389452587e+003    1.88200183654729e+000
 3.79468871351622e+003    2.05876951331497e+000
 3.81473130402104e+003    2.58677685950413e+000
 3.81272704497056e+003    2.75206611570248e+000
 3.80220468495553e+003    2.43067033976125e+000
 3.84228986596518e+003    2.47887970615243e+000
 3.84679944882876e+003    2.66483011937557e+000
 3.94099962420143e+003    3.33976124885216e+000
 3.95051985469122e+003    3.50045913682277e+000
 3.94550920706501e+003    3.66345270890725e+000
 3.93398471752474e+003    3.17676767676768e+000
 3.92947513466115e+003    3.01377410468320e+000
 3.93348365276212e+003    2.84848484848485e+000
 3.97657522234749e+003    3.31450872359963e+000
 3.90492296129275e+003    3.34435261707989e+000
 3.91845170988350e+003    3.46831955922865e+000
 3.96956031567080e+003    2.78650137741047e+000
 3.97457096329701e+003    2.94949494949495e+000
 3.97256670424652e+003    3.11478420569330e+000
 3.97557309282225e+003    3.28007346189164e+000
 3.97006138043342e+003    2.62121212121212e+000
 3.96705499185770e+003    2.45592286501377e+000
 3.96505073280722e+003    2.29063360881543e+000
 3.95603156708005e+003    2.94031221303949e+000
 3.97306776900914e+003    3.08494031221304e+000
 3.93598897657522e+003    2.84389348025712e+000
 3.93649004133784e+003    3.29384756657484e+000
 3.90141550795440e+003    3.33746556473829e+000
 3.95803582613053e+003    3.16069788797062e+000
 3.95051985469122e+003    3.44765840220386e+000
 4.00814230239258e+003    4.74471992653811e+000
 4.02066892145810e+003    4.89853076216713e+000
 4.05173493674057e+003    4.98347107438017e+000
 3.99962420142803e+003    4.58402203856749e+000
 3.99311035951397e+003    4.42102846648301e+000
 3.98910184141300e+003    4.26033057851240e+000
 3.98709758236252e+003    4.09504132231405e+000
 3.98459225854942e+003    3.92975206611570e+000
 3.98108480521107e+003    3.76675849403122e+000
 3.97757735187273e+003    3.60146923783288e+000
 3.97557309282225e+003    3.43617998163453e+000
 3.99611674808969e+003    4.41873278236915e+000
 4.08229988726043e+003    4.34527089072544e+000
 4.08179882249781e+003    4.51056014692378e+000
 4.07428285105850e+003    4.67125803489440e+000
 4.06225729675561e+003    4.82736455463728e+000
 4.04722535387699e+003    4.97658402203857e+000
 4.08430414631091e+003    4.17998163452709e+000
 4.08831266441188e+003    4.01469237832874e+000
 4.11436803206815e+003    3.89990817263545e+000
 4.11787548540649e+003    4.32001836547291e+000
 4.10134034824001e+003    3.75987144168962e+000
 4.11236377301766e+003    3.91597796143251e+000
 4.09733183013905e+003    3.59458218549128e+000
 4.09683076537643e+003    3.42929292929293e+000
 4.09733183013905e+003    3.26400367309458e+000
 4.09983715395215e+003    3.09871441689624e+000
 4.09081798822498e+003    3.91827364554637e+000
 4.08530627583615e+003    4.08126721763085e+000
 4.19052987598647e+003    4.36363636363636e+000
 4.21558311411750e+003    4.24655647382920e+000
 4.24614806463735e+003    4.16161616161616e+000
 4.27170236753100e+003    4.06060606060606e+000
 4.28823750469748e+003    3.92745638200184e+000
 4.30076412376300e+003    3.78053259871442e+000
 4.31228861330327e+003    3.62672176308540e+000
 4.32030564950520e+003    3.46831955922865e+000
 4.32782162094451e+003    3.30991735537190e+000
 4.33333333333333e+003    3.15151515151515e+000
 4.33533759238382e+003    2.99081726354454e+000
 4.33684078667168e+003    2.82552800734619e+000
 4.33734185143430e+003    2.66023875114784e+000
 4.33433546285857e+003    2.49494949494949e+000
 4.16497557309282e+003    4.48071625344353e+000
 4.13441062257297e+003    4.56565656565657e+000
 4.49217086308405e+003    3.90909090909091e+000
 4.51872729550294e+003    3.79660238751148e+000
 4.55129650507328e+003    3.76446280991736e+000
 4.58586997369410e+003    3.78053259871442e+000
 4.62094450707754e+003    3.79430670339761e+000
 4.65652010522360e+003    3.79201101928375e+000
 4.69209570336966e+003    3.78282828282828e+000
 4.72817236627834e+003    3.77134986225895e+000
 4.76374796442440e+003    3.75757575757576e+000
 4.79481397970688e+003    3.71395775941230e+000
 4.81736189402480e+003    3.61294765840220e+000
 4.82938744832770e+003    3.46602387511478e+000
 4.83590129024176e+003    3.30303030303030e+000
 4.84191406739321e+003    3.14462809917355e+000
 4.85143429788300e+003    2.99081726354454e+000
 4.85544281598397e+003    2.83241505968779e+000
 4.85393962169610e+003    2.66712580348944e+000
 4.85093323312038e+003    2.50183654729109e+000
 4.46110484780158e+003    3.83333333333333e+000
 4.42452712013028e+003    3.85169880624426e+000
 4.38895152198422e+003    3.85629017447199e+000
 4.36389828385319e+003    3.78741965105602e+000
 4.35337592383816e+003    3.64967860422406e+000
 4.35087060002505e+003    3.48438934802571e+000
 4.34936740573719e+003    3.31221303948577e+000
 4.34084930477264e+003    3.15151515151515e+000
 4.98421645997745e+003    3.77594123048669e+000
 5.01979205812351e+003    3.80348943985308e+000
 5.05486659150695e+003    3.84710743801653e+000
 5.08944006012777e+003    3.85399449035813e+000
 5.12251033446073e+003    3.81955922865014e+000
 5.15407741450582e+003    3.80578512396694e+000
 5.18664662407616e+003    3.84022038567493e+000
 5.22021796317174e+003    3.87006427915519e+000
 5.25429036702994e+003    3.81955922865014e+000
 4.94864086183139e+003    3.80348943985308e+000
 4.92258549417512e+003    3.69100091827365e+000
 4.88650883126644e+003    3.67263544536272e+000
 5.27333082800952e+003    3.95959595959596e+000
 5.30890642615558e+003    3.93663911845730e+000
 5.34297883001378e+003    3.96189164370983e+000
 5.37604910434674e+003    4.01239669421488e+000
 5.40661405486659e+003    4.09733700642792e+000
 5.23725416510084e+003    3.97566574839302e+000
 5.20819240886885e+003    3.87924701561065e+000
 5.30539897281724e+003    4.03305785123967e+000
 5.34097457096330e+003    4.00550964187328e+000
 5.23975948891394e+003    3.89761248852158e+000
 5.39609169485156e+003    4.12947658402204e+000
 5.42164599774521e+003    4.01698806244261e+000
 5.45471627207817e+003    4.00550964187328e+000
 5.49029187022423e+003    4.02617079889807e+000
 5.52586746837029e+003    4.03076216712580e+000
 5.56144306651635e+003    4.02387511478421e+000
 5.59551547037455e+003    4.02157943067034e+000
 5.62858574470750e+003    4.00780532598714e+000
 5.66215708380308e+003    3.98943985307622e+000
 5.69622948766128e+003    3.97566574839302e+000
 5.72980082675686e+003    3.95730027548209e+000
 5.76387323061506e+003    3.93893480257117e+000
 5.79844669923588e+003    3.91138659320477e+000
 5.83101590880621e+003    3.86317722681359e+000
 5.86358511837655e+003    3.83333333333333e+000
 5.89665539270951e+003    3.83333333333333e+000
 5.92972566704246e+003    3.82185491276400e+000
 5.96329700613804e+003    3.78741965105602e+000
 5.99787047475886e+003    3.75298438934803e+000
 6.03244394337968e+003    3.72543617998163e+000
 6.06551421771264e+003    3.68640955004591e+000
 6.09808342728298e+003    3.63820018365473e+000
 6.13165476637856e+003    3.59687786960514e+000
 6.16622823499937e+003    3.55325987144169e+000
 6.20080170362019e+003    3.50734618916437e+000
 6.23537517224101e+003    3.47061524334252e+000
 6.27095077038707e+003    3.43847566574839e+000
 6.30602530377051e+003    3.40404040404040e+000
 6.34059877239133e+003    3.36960514233242e+000
 6.37517224101215e+003    3.33516988062443e+000
 6.41024677439559e+003    3.30073461891644e+000
 6.44632343730427e+003    3.26859504132231e+000
 6.48189903545033e+003    3.22497704315886e+000
 6.50995866215708e+003    3.14003673094582e+000
 6.52398847551046e+003    3.00688705234160e+000
 6.52899912313667e+003    2.84389348025712e+000
 6.53551296505073e+003    2.68089990817264e+000
 5.37204058624577e+003    4.00550964187328e+000
 6.69284730051359e+003    3.19972451790634e+000
 6.72892396342227e+003    3.20431588613407e+000
 6.76500062633095e+003    3.19513314967860e+000
 6.80107728923963e+003    3.19283746556474e+000
 6.83715395214832e+003    3.21349862258953e+000
 6.87222848553175e+003    3.22727272727273e+000
 6.90680195415257e+003    3.18365472910927e+000
 6.65677063760491e+003    3.18365472910927e+000
 6.62169610422147e+003    3.19972451790634e+000
 6.59063008893900e+003    3.17217630853995e+000
 6.56106726794438e+003    3.10560146923783e+000
 6.52749592884880e+003    3.04820936639118e+000
 5.88062132030565e+003    3.68411386593205e+000
 5.90016284604785e+003    3.82415059687787e+000
 5.86959789552800e+003    3.52800734618916e+000
 5.86057872980083e+003    3.82185491276400e+000
 4.86947262933734e+003    3.27089072543618e+000
 4.87097582362520e+003    3.43617998163453e+000
 4.88149818364024e+003    3.59458218549128e+000
 4.86345985218590e+003    3.10789715335170e+000
 4.82938744832770e+003    3.05050505050505e+000
 4.83339596642866e+003    3.26859504132231e+000
 3.88538143555054e+003    2.44444444444444e+000
 3.88087185268696e+003    2.60743801652893e+000
 3.88838782412627e+003    2.27915518824610e+000
 3.84980583740448e+003    2.46740128558310e+000
 3.54465739696856e+003    2.08402203856749e+000
 3.56269572842290e+003    1.93939393939394e+000
 3.51359138168608e+003    2.16666666666667e+000
